#   Data imported from folder=prg HD:Users:ilavsky:Documents:Experiments:ESRF SAXS experiment 5 2008:data colloids:
#   Data file name=colloids_0_0008.dat
#   q[nm-1]colloids_0_0008_Spheres-0.42_trm=0.581773
#   Exported=Sat, Aug 30, 2008 7:28:13 AM
Q_colloids_0_0008	R_colloids_0_0008	S_colloids_0_0008
0.00796857	962.97	31.03176
0.00830766	945.38	30.74703
0.00864675	916.784	30.27844
0.00898584	882.687	29.71005
0.00932492	886.632	29.77637
0.00966401	911.367	30.18886
0.0100031	951.201	30.84155
0.0103422	945.663	30.75163
0.0106813	941.223	30.67936
0.0110204	936.072	30.59529
0.0113595	936.18	30.59706
0.0116985	933.638	30.55549
0.0120376	936.131	30.59626
0.0123767	938.528	30.6354
0.0127158	944.216	30.7281
0.0130549	952.924	30.86947
0.013394	966.247	31.08451
0.0137331	978.318	31.27808
0.0140722	989.945	31.46339
0.0144112	1003.65	31.68044
0.0147503	1022.25	31.97264
0.0150894	1041.57	32.27336
0.0154285	1058.41	32.53321
0.0157676	1078.93	32.84707
0.0161067	1099.73	33.16218
0.0164458	1121.75	33.49253
0.0167849	1145.62	33.84701
0.017124	1173.52	34.25668
0.017463	1205.71	34.72334
0.0178021	1237.95	35.18451
0.0181412	1273.22	35.68221
0.0184803	1308.05	36.16697
0.0188194	1348.28	36.71893
0.0191585	1394.36	37.34113
0.0194976	1443.14	37.98868
0.0198367	1496.41	38.68346
0.0201757	1554.67	39.42931
0.0205148	1614.14	40.17636
0.0208539	1684.46	41.04217
0.021193	1759.55	41.94699
0.0215321	1839.65	42.89114
0.0218712	1927.73	43.90592
0.0222103	2028.29	45.03654
0.0225494	2135.15	46.20768
0.0228884	2253.18	47.46767
0.0232275	2380.11	48.78637
0.0235666	2524.61	50.2455
0.0239057	2682.84	51.79614
0.0242448	2855.49	53.43679
0.0245839	3041.74	55.15197
0.024923	3252.3	57.02894
0.0252621	3484.47	59.0294
0.0256012	3724.47	61.02843
0.0259402	3986.96	63.14238
0.0262793	4266.88	65.32136
0.0266184	4564.17	67.55864
0.0269575	4856.31	69.68723
0.0272966	5155.78	71.80376
0.0276357	5440.51	73.75981
0.0279748	5715.27	75.5994
0.0283139	5950.74	77.14104
0.0286529	6137.02	78.33913
0.028992	6259.45	79.11668
0.0293311	6324.32	79.52559
0.0296702	6313.53	79.45773
0.0300093	6213.26	78.82423
0.0303484	6030.06	77.65346
0.0306875	5770.43	75.96335
0.0310266	5470.67	73.96397
0.0313657	5094.07	71.37275
0.0317047	4695.26	68.52197
0.0320438	4266.7	65.31998
0.0323829	3847.02	62.02435
0.032722	3423.05	58.50684
0.0330611	3024.99	54.99991
0.0334002	2651.11	51.48893
0.0337393	2311.48	48.07785
0.0340784	2006.1	44.78951
0.0344174	1733.48	41.63508
0.0347565	1495.86	38.67635
0.0350956	1287.71	35.88467
0.0354347	1110.34	33.32177
0.0357738	958.424	30.95842
0.0361129	823.872	28.70317
0.036452	708.732	26.62202
0.0367911	612.582	24.75039
0.0371301	527.781	22.97348
0.0374692	454.889	21.32813
0.0378083	392.677	19.81608
0.0381474	339.038	18.41298
0.0384865	292.489	17.10231
0.0388256	252.569	15.89242
0.0391647	218.215	14.7721
0.0395038	188.184	13.71802
0.0398429	162.819	12.76005
0.0401819	140.74	11.86339
0.040521	121.918	11.04165
0.0408601	105.972	10.29427
0.0411992	92.1678	9.600407
0.0415383	80.1674	8.953625
0.0418774	70.495	8.396131
0.0422165	62.7438	7.921099
0.0425556	56.1592	7.493944
0.0428946	50.8034	7.12765
0.0432337	47.0371	6.85836
0.0435728	44.3751	6.661464
0.0439119	42.7148	6.535656
0.044251	42.0945	6.488028
0.0445901	42.3203	6.505405
0.0449292	43.2831	6.57899
0.0452683	45.1879	6.722195
0.0456073	47.8035	6.914008
0.0459464	50.9753	7.139699
0.0462855	54.8024	7.402864
0.0466246	59.2076	7.694647
0.0469637	64.2403	8.015005
0.0473028	69.9395	8.362984
0.0476419	76.3317	8.736802
0.047981	82.9834	9.109523
0.0483201	90.0692	9.490479
0.0486591	97.7855	9.888655
0.0489982	106.328	10.31155
0.0493373	114.86	10.71728
0.0496764	123.351	11.10635
0.0500155	132.31	11.50261
0.0503546	141.492	11.89504
0.0506937	150.64	12.27355
0.0510328	160.06	12.65148
0.0513718	169.25	13.00961
0.0517109	178.472	13.35934
0.05205	187.74	13.70183
0.0523891	196.262	14.00935
0.0527282	204.309	14.29367
0.0530673	212.299	14.57048
0.0534064	219.992	14.83213
0.0537455	227.078	15.06911
0.0540845	233.323	15.27491
0.0544236	238.492	15.44319
0.0547627	243.417	15.60183
0.0551018	246.814	15.71031
0.0554409	249.724	15.80266
0.05578	252.558	15.89207
0.0561191	253.944	15.93562
0.0564582	254.675	15.95854
0.0567973	254.077	15.93979
0.0571363	252.641	15.89468
0.0574754	250.366	15.82296
0.0578145	247.202	15.72266
0.0581536	243.439	15.60253
0.0584927	239.272	15.46842
0.0588318	234.107	15.30056
0.0591709	228.41	15.11324
0.05951	221.927	14.89721
0.059849	215.187	14.66925
0.0601881	207.703	14.41191
0.0605272	200.021	14.14288
0.0608663	191.749	13.84735
0.0612054	183.862	13.55957
0.0615445	176.048	13.26831
0.0618836	167.547	12.94399
0.0622227	159.405	12.62557
0.0625617	151.199	12.2963
0.0629008	142.712	11.94621
0.0632399	134.444	11.595
0.063579	126.599	11.25162
0.0639181	118.856	10.90211
0.0642572	111.359	10.55268
0.0645963	104.218	10.20872
0.0649354	97.3979	9.869038
0.0652744	90.8636	9.53224
0.0656135	84.4467	9.189488
0.0659526	78.5463	8.862636
0.0662917	73.0845	8.548947
0.0666308	67.6872	8.227223
0.0669699	62.5271	7.907408
0.067309	57.7271	7.597835
0.0676481	53.1079	7.287517
0.0679871	48.7926	6.98517
0.0683262	44.7162	6.687017
0.0686653	40.9048	6.395686
0.0690044	37.4145	6.116739
0.0693435	34.222	5.849957
0.0696826	31.2716	5.592102
0.0700217	28.5085	5.339335
0.0703608	25.8932	5.088536
0.0706998	23.5022	4.847907
0.0710389	21.449	4.631307
0.071378	19.426	4.407494
0.0717171	17.4975	4.183001
0.0720562	15.902	3.987731
0.0723953	14.5884	3.819476
0.0727344	13.3123	3.648602
0.0730735	12.1928	3.491819
0.0734125	11.2449	3.353342
0.0737516	10.453	3.23311
0.0740907	9.81029	3.132138
0.0744298	9.35225	3.058145
0.0747689	9.1065	3.017698
0.075108	8.87197	2.978585
0.0754471	8.78848	2.964537
0.0757862	8.85696	2.976065
0.0761252	9.08047	3.013382
0.0764643	9.48436	3.079669
0.0768034	9.96902	3.157376
0.0771425	10.5142	3.242561
0.0774816	11.1794	3.343561
0.0778207	11.9902	3.462687
0.0781598	12.9367	3.596762
0.0784989	13.924	3.731488
0.0788379	14.9223	3.862939
0.079177	15.904	3.987982
0.0795161	17.0557	4.129855
0.0798552	18.2593	4.27309
0.0801943	19.4552	4.410805
0.0805334	20.732	4.553241
0.0808725	21.9674	4.686939
0.0812116	23.2331	4.820073
0.0815507	24.6422	4.964091
0.0818897	26.0794	5.106799
0.0822288	27.3592	5.230602
0.0825679	28.6323	5.350916
0.082907	29.7002	5.449789
0.0832461	30.7849	5.548414
0.0835852	31.7537	5.635042
0.0839243	32.7095	5.719222
0.0842633	33.5676	5.793755
0.0846024	34.3656	5.862218
0.0849415	35.0215	5.917897
0.0852806	35.6096	5.967378
0.0856197	36.0805	6.006705
0.0859588	36.5559	6.046147
0.0862979	37.0062	6.083272
0.086637	37.1851	6.097959
0.0869761	37.1516	6.095211
0.0873151	37.2253	6.101254
0.0876542	37.2544	6.103638
0.0879933	37.1738	6.097032
0.0883324	36.9761	6.080798
0.0886715	36.6152	6.05105
0.0890106	36.2367	6.019692
0.0893497	35.7983	5.983168
0.0896887	35.2232	5.934914
0.0900278	34.63	5.884726
0.0903669	34.0194	5.832615
0.090706	33.4809	5.786268
0.0910451	32.6149	5.710946
0.0913842	31.7195	5.632007
0.0917233	30.9466	5.562967
0.0920624	30.0557	5.482308
0.0924014	29.0781	5.392411
0.0927405	28.0851	5.299538
0.0930796	27.1616	5.211679
0.0934187	26.1766	5.116307
0.0937578	25.1503	5.015007
0.0940969	24.1884	4.91817
0.094436	23.2833	4.825277
0.0947751	22.2779	4.719947
0.0951141	21.1635	4.60038
0.0954532	20.1537	4.489287
0.0957923	19.1927	4.380947
0.0961314	18.341	4.28264
0.0964705	17.4411	4.176254
0.0968096	16.4868	4.060394
0.0971487	15.648	3.955755
0.0974878	14.7682	3.842942
0.0978268	13.8781	3.725332
0.0981659	13.0951	3.618715
0.098505	12.2782	3.504026
0.0988441	11.5081	3.392359
0.0991832	10.7302	3.275698
0.0995223	9.98316	3.159614
0.0998614	9.31467	3.051994
0.1002	8.68628	2.94725
0.10054	8.14084	2.853216
0.100879	7.59918	2.756661
0.101218	7.10095	2.664761
0.101557	6.60511	2.570041
0.101896	6.14944	2.479806
0.102235	5.68712	2.384768
0.102574	5.25649	2.292704
0.102913	4.8269	2.197021
0.103252	4.48546	2.11789
0.103591	4.19455	2.04806
0.10393	3.92369	1.980831
0.104269	3.70943	1.925988
0.104609	3.56249	1.887456
0.104948	3.41987	1.849289
0.105287	3.31278	1.820104
0.105626	3.26812	1.807794
0.105965	3.21958	1.794319
0.106304	3.2106	1.791815
0.106643	3.24965	1.802679
0.106982	3.27294	1.809127
0.107321	3.40683	1.84576
0.10766	3.52606	1.877781
0.107999	3.67001	1.915727
0.108339	3.78903	1.946543
0.108678	3.94019	1.984991
0.109017	4.13815	2.034244
0.109356	4.35099	2.085903
0.109695	4.61001	2.147094
0.110034	4.88951	2.211224
0.110373	5.14867	2.269068
0.110712	5.45956	2.33657
0.111051	5.74133	2.396107
0.11139	6.02196	2.453968
0.111729	6.33328	2.516601
0.112069	6.63767	2.576368
0.112408	6.91689	2.629998
0.112747	7.20868	2.684899
0.113086	7.47686	2.734385
0.113425	7.72638	2.779637
0.113764	8.04756	2.836822
0.114103	8.40894	2.899817
0.114442	8.65198	2.941425
0.114781	8.79192	2.965117
0.11512	8.9756	2.995931
0.115459	9.13824	3.022952
0.115798	9.29338	3.048505
0.116138	9.4824	3.07935
0.116477	9.59117	3.096961
0.116816	9.68186	3.111569
0.117155	9.82025	3.133728
0.117494	9.91565	3.148913
0.117833	9.93374	3.151783
0.118172	9.99215	3.161036
0.118511	9.99196	3.161006
0.11885	10.0126	3.164269
0.119189	10.0012	3.162467
0.119528	9.95599	3.155311
0.119868	9.92296	3.150073
0.120207	9.90698	3.147536
0.120546	9.85216	3.138815
0.120885	9.74596	3.121852
0.121224	9.59392	3.097405
0.121563	9.42399	3.069852
0.121902	9.22308	3.036952
0.122241	9.06133	3.010204
0.12258	8.87242	2.978661
0.122919	8.66257	2.943224
0.123258	8.49018	2.913791
0.123597	8.22745	2.868353
0.123937	8.07023	2.840815
0.124276	7.91268	2.812949
0.124615	7.6897	2.773031
0.124954	7.44827	2.729152
0.125293	7.15253	2.674422
0.125632	6.90937	2.628568
0.125971	6.6547	2.57967
0.12631	6.42733	2.535218
0.126649	6.22097	2.494187
0.126988	5.95237	2.439748
0.127327	5.67913	2.383093
0.127667	5.44748	2.333984
0.128006	5.23789	2.288644
0.128345	4.99765	2.235543
0.128684	4.77997	2.186314
0.129023	4.57401	2.138694
0.129362	4.33108	2.081125
0.129701	4.09047	2.022491
0.13004	3.87392	1.968228
0.130379	3.66459	1.914312
0.130718	3.49838	1.870396
0.131057	3.2903	1.813918
0.131396	3.07282	1.752946
0.131736	2.87248	1.694839
0.132075	2.71913	1.648978
0.132414	2.55587	1.598709
0.132753	2.42883	1.55847
0.133092	2.30233	1.517343
0.133431	2.15435	1.46777
0.13377	2.03879	1.427862
0.134109	1.94768	1.395593
0.134448	1.84752	1.359235
0.134787	1.78229	1.335024
0.135126	1.72983	1.31523
0.135465	1.68209	1.296954
0.135805	1.62367	1.274233
0.136144	1.59503	1.262945
0.136483	1.58763	1.260012
0.136822	1.58545	1.259147
0.137161	1.58737	1.259909
0.1375	1.57348	1.254384
0.137839	1.59252	1.261951
0.138178	1.62964	1.276574
0.138517	1.68924	1.299708
0.138856	1.75095	1.323235
0.139195	1.81578	1.347509
0.139535	1.88466	1.372829
0.139874	1.95454	1.398049
0.140213	2.0259	1.423341
0.140552	2.10873	1.452147
0.140891	2.18333	1.47761
0.14123	2.24847	1.49949
0.141569	2.32737	1.525572
0.141908	2.43643	1.560907
0.142247	2.55524	1.598512
0.142586	2.71319	1.647176
0.142925	2.81415	1.677543
0.143264	2.89119	1.70035
0.143604	2.96399	1.721624
0.143943	3.03946	1.743405
0.144282	3.11384	1.764608
0.144621	3.21782	1.793828
0.14496	3.32308	1.822932
0.145299	3.38058	1.838635
0.145638	3.44441	1.855912
0.145977	3.49979	1.870773
0.146316	3.54576	1.883019
0.146655	3.60698	1.899205
0.146994	3.66991	1.915701
0.147334	3.7151	1.927459
0.147673	3.76078	1.939273
0.148012	3.77996	1.944212
0.148351	3.79888	1.949072
0.14869	3.81042	1.95203
0.149029	3.8485	1.961759
0.149368	3.8803	1.969848
0.149707	3.89075	1.972498
0.150046	3.87552	1.968634
0.150385	3.85276	1.962845
0.150724	3.86269	1.965373
0.151063	3.85049	1.962267
0.151403	3.84843	1.961742
0.151742	3.81952	1.954359
0.152081	3.76949	1.941517
0.15242	3.69166	1.921369
0.152759	3.63916	1.907658
0.153098	3.58409	1.893169
0.153437	3.53952	1.881361
0.153776	3.48194	1.865996
0.154115	3.41062	1.846786
0.154454	3.34733	1.829571
0.154793	3.28004	1.811088
0.155132	3.23384	1.798288
0.155472	3.1386	1.771609
0.155811	3.03578	1.742349
0.15615	2.94924	1.717335
0.156489	2.87579	1.695815
0.156828	2.79899	1.673018
0.157167	2.69855	1.642726
0.157506	2.59446	1.610733
0.157845	2.49025	1.578053
0.158184	2.4036	1.550355
0.158523	2.29822	1.515988
0.158862	2.19838	1.482693
0.159202	2.12639	1.458215
0.159541	2.0543	1.433283
0.15988	1.97741	1.406204
0.160219	1.8712	1.367918
0.160558	1.7809	1.334504
0.160897	1.69805	1.303092
0.161236	1.62825	1.276029
0.161575	1.57184	1.25373
0.161914	1.49284	1.221818
0.162253	1.41245	1.188465
0.162592	1.34457	1.159556
0.162931	1.28279	1.132603
0.163271	1.21404	1.101835
0.16361	1.16898	1.081194
0.163949	1.1366	1.066114
0.164288	1.08162	1.04001
0.164627	1.03442	1.017064
0.164966	0.995127	0.9975606
0.165305	0.964966	0.9823268
0.165644	0.92052	0.9594373
0.165983	0.901659	0.9495572
0.166322	0.896666	0.9469245
0.166661	0.9055	0.9515777
0.167	0.892336	0.9446354
0.16734	0.88204	0.9391699
0.167679	0.895085	0.9460893
0.168018	0.900213	0.9487956
0.168357	0.886118	0.9413384
0.168696	0.908034	0.9529082
0.169035	0.93277	0.9658002
0.169374	0.956254	0.9778824
0.169713	0.999742	0.999871
0.170052	1.00496	1.002477
0.170391	1.01995	1.009926
0.17073	1.05718	1.028193
0.17107	1.08776	1.042957
0.171409	1.11657	1.056679
0.171748	1.13704	1.066321
0.172087	1.17413	1.083573
0.172426	1.20297	1.0968
0.172765	1.22938	1.108774
0.173104	1.28803	1.134914
0.173443	1.31755	1.147846
0.173782	1.35338	1.163349
0.174121	1.3834	1.17618
0.17446	1.41508	1.189571
0.174799	1.44186	1.200775
0.175139	1.48588	1.218967
0.175478	1.52131	1.233414
0.175817	1.57081	1.25332
0.176156	1.60608	1.267312
0.176495	1.63757	1.279676
0.176834	1.65669	1.287125
0.177173	1.6713	1.292788
0.177512	1.68377	1.297602
0.177851	1.69579	1.302225
0.17819	1.72466	1.313263
0.178529	1.75745	1.325688
0.178868	1.77463	1.332152
0.179208	1.79292	1.339
0.179547	1.79894	1.341246
0.179886	1.8058	1.343801
0.180225	1.8059	1.343838
0.180564	1.81361	1.346703
0.180903	1.81048	1.345541
0.181242	1.81214	1.346157
0.181581	1.78381	1.335593
0.18192	1.76267	1.327656
0.182259	1.7525	1.32382
0.182598	1.72451	1.313206
0.182937	1.70168	1.304485
0.183277	1.70602	1.306147
0.183616	1.71261	1.308667
0.183955	1.68235	1.297054
0.184294	1.63522	1.278757
0.184633	1.60052	1.265117
0.184972	1.56248	1.249992
0.185311	1.52047	1.233073
0.18565	1.50754	1.227819
0.185989	1.47014	1.212493
0.186328	1.42325	1.193
0.186667	1.39425	1.180784
0.187007	1.33357	1.154803
0.187346	1.28594	1.133993
0.187685	1.27977	1.131269
0.188024	1.25187	1.11887
0.188363	1.20405	1.097292
0.188702	1.15987	1.076973
0.189041	1.1263	1.061273
0.18938	1.08696	1.042574
0.189719	1.03915	1.019387
0.190058	1.00678	1.003384
0.190397	0.979938	0.9899182
0.190736	0.938574	0.9688003
0.191076	0.889784	0.9432836
0.191415	0.849291	0.9215699
0.191754	0.813123	0.9017333
0.192093	0.773106	0.8792645
0.192432	0.752959	0.8677321
0.192771	0.735296	0.8574941
0.19311	0.701526	0.8375715
0.193449	0.686326	0.8284479
0.193788	0.667056	0.816735
0.194127	0.635181	0.7969825
0.194466	0.612356	0.7825318
0.194805	0.596004	0.7720129
0.195145	0.587031	0.7661795
0.195484	0.567369	0.753239
0.195823	0.54168	0.7359891
0.196162	0.529932	0.7279643
0.196501	0.530573	0.7284044
0.19684	0.51553	0.7180042
0.197179	0.505852	0.7112327
0.197518	0.51363	0.7166798
0.197857	0.50961	0.7138698
0.198196	0.504824	0.7105097
0.198535	0.519647	0.7208654
0.198874	0.521877	0.7224106
0.199214	0.534818	0.7313125
0.199553	0.545009	0.7382473
0.199892	0.542941	0.7368453
0.200231	0.555345	0.7452148
0.20057	0.58062	0.7619842
0.200909	0.602801	0.7764026
0.201248	0.617627	0.7858925
0.201587	0.619416	0.7870299
0.201926	0.625826	0.7910917
0.202265	0.650284	0.8064019
0.202604	0.665703	0.8159062
0.202943	0.709699	0.8424363
0.203283	0.715862	0.8460863
0.203622	0.719345	0.8481421
0.203961	0.739921	0.8601866
0.2043	0.742483	0.8616745
0.204639	0.774363	0.879979
0.204978	0.794435	0.8913109
0.205317	0.798946	0.8938378
0.205656	0.798171	0.8934041
0.205995	0.828694	0.9103263
0.206334	0.838456	0.9156724
0.206673	0.878896	0.9374945
0.207012	0.869872	0.9326693
0.207352	0.859585	0.9271381
0.207691	0.880829	0.9385249
0.20803	0.893942	0.9454851
0.208369	0.907606	0.9526836
0.208708	0.892263	0.9445967
0.209047	0.904505	0.9510547
0.209386	0.917849	0.9580444
0.209725	0.926092	0.9623368
0.210064	0.941095	0.9701005
0.210403	0.921489	0.9599422
0.210742	0.923008	0.9607331
0.211082	0.9316	0.9651943
0.211421	0.932634	0.9657298
0.21176	0.923997	0.9612476
0.212099	0.939368	0.96921
0.212438	0.943213	0.9711915
0.212777	0.933424	0.9661387
0.213116	0.907438	0.9525954
0.213455	0.900261	0.9488208
0.213794	0.897977	0.9476165
0.214133	0.89223	0.9445792
0.214472	0.869051	0.932229
0.214811	0.841877	0.9175385
0.21515	0.824658	0.9081068
0.21549	0.79929	0.8940302
0.215829	0.784443	0.8856879
0.216168	0.780626	0.8835304
0.216507	0.761342	0.8725491
0.216846	0.736695	0.8583094
0.217185	0.718817	0.8478308
0.217524	0.694626	0.8334423
0.217863	0.669807	0.8184174
0.218202	0.66091	0.8129637
0.218541	0.635831	0.7973901
0.21888	0.628105	0.7925308
0.219219	0.615013	0.7842277
0.219559	0.591045	0.7687945
0.219898	0.560429	0.7486181
0.220237	0.52794	0.7265948
0.220576	0.507537	0.7124163
0.220915	0.493365	0.7023994
0.221254	0.469961	0.685537
0.221593	0.45032	0.6710589
0.221932	0.440428	0.6636475
0.222271	0.421058	0.6488898
0.22261	0.400742	0.6330419
0.222949	0.398568	0.6313224
0.223289	0.385969	0.621264
0.223628	0.37039	0.6085967
0.223967	0.357965	0.5983018
0.224306	0.337458	0.5809113
0.224645	0.318537	0.5643908
0.224984	0.311473	0.5580977
0.225323	0.309991	0.5567684
0.225662	0.310513	0.5572369
0.226001	0.303276	0.550705
0.22634	0.295696	0.5437794
0.226679	0.293886	0.5421125
0.227018	0.279666	0.5288346
0.227358	0.278878	0.528089
0.227697	0.28618	0.5349579
0.228036	0.29266	0.5409806
0.228375	0.300714	0.5483739
0.228714	0.301777	0.5493423
0.229053	0.299687	0.5474368
0.229392	0.288127	0.5367746
0.229731	0.286616	0.5353653
0.23007	0.300236	0.5479379
0.230409	0.311486	0.5581093
0.230748	0.312046	0.5586108
0.231087	0.320042	0.5657226
0.231427	0.314685	0.5609679
0.231766	0.330652	0.5750235
0.232105	0.351428	0.5928136
0.232444	0.358121	0.5984321
0.232783	0.360693	0.6005772
0.233122	0.365107	0.6042408
0.233461	0.371151	0.6092216
0.2338	0.371631	0.6096154
0.234139	0.395791	0.6291192
0.234478	0.384748	0.6202806
0.234817	0.389402	0.6240208
0.235156	0.395815	0.6291383
0.235495	0.413238	0.6428359
0.235835	0.415197	0.6443579
0.236174	0.42495	0.6518819
0.236513	0.434137	0.6588907
0.236852	0.433	0.6580274
0.237191	0.441743	0.6646375
0.23753	0.449955	0.6707869
0.237869	0.454664	0.6742878
0.238208	0.452859	0.672948
0.238547	0.460464	0.678575
0.238886	0.462555	0.680114
0.239225	0.46831	0.6843318
0.239564	0.481326	0.6937766
0.239904	0.479281	0.6923012
0.240243	0.472325	0.687259
0.240582	0.485117	0.6965034
0.240921	0.484729	0.6962248
0.24126	0.489042	0.6993154
0.241599	0.482799	0.6948374
0.241938	0.493101	0.7022115
0.242277	0.489048	0.6993197
0.242616	0.492879	0.7020534
0.242955	0.495838	0.7041577
0.243294	0.480765	0.6933722
0.243633	0.482545	0.6946546
0.243973	0.475748	0.6897449
0.244312	0.4714	0.6865857
0.244651	0.476084	0.6899884
0.24499	0.450185	0.6709583
0.245329	0.435794	0.660147
0.245668	0.43131	0.656742
0.246007	0.414897	0.644125
0.246346	0.405649	0.6369058
0.246685	0.388478	0.62328
0.247024	0.381333	0.6175216
0.247363	0.369763	0.6080814
0.247702	0.381882	0.6179661
0.248042	0.378646	0.6153422
0.248381	0.375608	0.6128687
0.24872	0.36482	0.6040033
0.249059	0.341926	0.5847444
0.249398	0.331893	0.5761015
0.249737	0.316665	0.56273
0.250076	0.30337	0.5507904
0.250415	0.30497	0.5522409
0.250754	0.30027	0.547969
0.251093	0.288304	0.5369395
0.251432	0.271035	0.5206102
0.251771	0.272048	0.5215822
0.252111	0.260133	0.5100324
0.25245	0.252625	0.5026181
0.252789	0.262884	0.5127221
0.253128	0.252757	0.5027494
0.253467	0.253097	0.5030875
0.253806	0.264236	0.5140389
0.254145	0.239979	0.4898765
0.254484	0.211597	0.4599967
0.254823	0.182592	0.4273078
0.255162	0.190988	0.4370217
0.255501	0.188648	0.4343363
0.25584	0.196251	0.4430023
0.25618	0.198605	0.4456512
0.256519	0.192743	0.4390251
0.256858	0.184341	0.4293495
0.257197	0.18292	0.4276915
0.257536	0.174274	0.4174614
0.257875	0.182835	0.4275921
0.258214	0.209331	0.457527
0.258553	0.199701	0.4468792
0.258892	0.186683	0.4320683
0.259231	0.186912	0.4323332
0.25957	0.178226	0.4221682
0.259909	0.174217	0.4173931
0.260248	0.175329	0.418723
0.260588	0.18377	0.428684
0.260927	0.178863	0.422922
0.261266	0.181539	0.4260739
0.261605	0.18232	0.4269895
0.261944	0.189812	0.4356742
0.262283	0.190538	0.4365066
0.262622	0.191499	0.437606
0.262961	0.212644	0.4611334
0.2633	0.22047	0.4695423
0.263639	0.219174	0.4681602
0.263978	0.225691	0.4750695
0.264317	0.230511	0.4801156
0.264657	0.242364	0.4923048
0.264996	0.244656	0.4946271
0.265335	0.23998	0.4898775
0.265674	0.242114	0.4920508
0.266013	0.245093	0.4950687
0.266352	0.245983	0.4959667
0.266691	0.254612	0.5045909
0.26703	0.262029	0.5118877
0.267369	0.262753	0.5125944
0.267708	0.255874	0.5058399
0.268047	0.261884	0.511746
0.268386	0.266168	0.5159147
0.268726	0.255935	0.5059002
0.269065	0.245745	0.4957267
0.269404	0.250492	0.5004917
0.269743	0.262142	0.5119981
0.270082	0.266317	0.5160591
0.270421	0.265628	0.5153911
0.27076	0.257972	0.5079094
0.271099	0.271698	0.5212466
0.271438	0.276592	0.5259202
0.271777	0.275077	0.5244778
0.272116	0.278287	0.5275291
0.272455	0.274257	0.5236955
0.272795	0.28005	0.5291975
0.273134	0.276891	0.5262043
0.273473	0.28033	0.529462
0.273812	0.267923	0.5176128
0.274151	0.260181	0.5100794
0.27449	0.252712	0.5027047
0.274829	0.262698	0.5125407
0.275168	0.253044	0.5030348
0.275507	0.27279	0.522293
0.275846	0.266969	0.5166904
0.276185	0.260362	0.5102568
0.276524	0.246608	0.4965964
0.276863	0.229382	0.4789384
0.277203	0.227135	0.4765868
0.277542	0.223308	0.4725547
0.277881	0.220567	0.4696456
0.27822	0.214281	0.462905
0.278559	0.215863	0.4646106
0.278898	0.207665	0.4557028
0.279237	0.213206	0.4617423
0.279576	0.207859	0.4559156
0.279915	0.203978	0.4516392
0.280254	0.185994	0.4312702
0.280593	0.178659	0.4226807
0.280932	0.176608	0.4202476
0.281272	0.178957	0.4230331
0.281611	0.175253	0.4186323
0.28195	0.169929	0.4122244
0.282289	0.170538	0.4129625
0.282628	0.168029	0.4099134
0.282967	0.153321	0.3915623
0.283306	0.154486	0.3930471
0.283645	0.144826	0.3805601
0.283984	0.152104	0.3900051
0.284323	0.154092	0.3925456
0.284662	0.139047	0.3728901
0.285001	0.135432	0.3680109
0.28534	0.137769	0.3711725
0.28568	0.149908	0.3871796
0.286019	0.151201	0.3888457
0.286358	0.134435	0.3666538
0.286697	0.118365	0.3440422
0.287036	0.115311	0.3395747
0.287375	0.127437	0.3569832
0.287714	0.141959	0.3767745
0.288053	0.14377	0.3791701
0.288392	0.134227	0.36637
0.288731	0.128713	0.3587659
0.28907	0.127893	0.3576213
0.289409	0.124796	0.3532648
0.289749	0.128904	0.359032
0.290088	0.122156	0.3495082
0.290427	0.133983	0.3660369
0.290766	0.13	0.3605551
0.291105	0.113784	0.3373188
0.291444	0.125029	0.3535944
0.291783	0.134541	0.3667983
0.292122	0.128735	0.3587966
0.292461	0.126277	0.3553548
0.2928	0.128697	0.3587436
0.293139	0.140262	0.3745157
0.293478	0.137611	0.3709596
0.293817	0.144341	0.3799224
0.294157	0.139118	0.3729852
0.294496	0.142381	0.3773341
0.294835	0.152762	0.3908478
0.295174	0.150834	0.3883735
0.295513	0.14761	0.3842005
0.295852	0.144693	0.3803853
0.296191	0.152968	0.3911113
0.29653	0.150733	0.3882435
0.296869	0.148942	0.38593
0.297208	0.14977	0.3870013
0.297547	0.158102	0.3976204
0.297886	0.167587	0.4093739
0.298226	0.157539	0.3969118
0.298565	0.153003	0.391156
0.298904	0.158595	0.3982399
0.299243	0.168056	0.4099463
0.299582	0.161381	0.4017226
0.299921	0.166641	0.4082169
0.30026	0.151395	0.3890951
0.300599	0.155478	0.394307
0.300938	0.171076	0.4136133
0.301277	0.166468	0.4080049
0.301616	0.1652	0.406448
0.301955	0.168219	0.4101451
0.302294	0.159559	0.3994484
0.302634	0.157169	0.3964455
0.302973	0.173925	0.4170431
0.303312	0.183137	0.4279451
0.303651	0.161468	0.4018308
0.30399	0.151578	0.3893302
0.304329	0.156222	0.3952493
0.304668	0.153197	0.3914039
0.305007	0.141807	0.3765727
0.305346	0.146108	0.3822408
0.305685	0.134984	0.3674017
0.306024	0.130503	0.361252
0.306363	0.136756	0.3698054
0.306703	0.125328	0.354017
0.307042	0.123055	0.350792
0.307381	0.10226	0.3197812
0.30772	0.10979	0.3313457
0.308059	0.117034	0.3421023
0.308398	0.112421	0.3352924
0.308737	0.109568	0.3310106
0.309076	0.115232	0.3394584
0.309415	0.11606	0.3406758
0.309754	0.105283	0.3244734
0.310093	0.0919669	0.3032604
0.310432	0.0841528	0.290091
0.310771	0.10155	0.3186691
0.311111	0.109278	0.3305722
0.31145	0.0958751	0.309637
0.311789	0.0868812	0.2947562
0.312128	0.0780139	0.2793097
0.312467	0.0807562	0.2841763
0.312806	0.0831978	0.2884403
0.313145	0.0925279	0.304184
0.313484	0.0740004	0.2720301
0.313823	0.0743132	0.2726045
0.314162	0.0784056	0.28001
0.314501	0.0730305	0.2702416
0.31484	0.0763175	0.2762562
0.315179	0.0797947	0.2824796
0.315519	0.0688223	0.26234
0.315858	0.0735828	0.2712615
0.316197	0.0749242	0.2737229
0.316536	0.0687069	0.26212
0.316875	0.0634243	0.2518418
0.317214	0.0621275	0.2492539
0.317553	0.0597925	0.244525
0.317892	0.0544655	0.2333784
0.318231	0.0621314	0.2492617
0.31857	0.0705343	0.2655829
0.318909	0.0723742	0.2690246
0.319248	0.06407	0.2531205
0.319588	0.0655181	0.2559651
0.319927	0.0720481	0.2684178
0.320266	0.06267	0.2503398
0.320605	0.0637295	0.252447
0.320944	0.0631065	0.2512101
0.321283	0.0652378	0.2554169
0.321622	0.0579986	0.240829
0.321961	0.0354267	0.1882198
0.3223	0.0528062	0.229796
0.322639	0.065026	0.255002
0.322978	0.0613482	0.2476857
0.323317	0.0482462	0.2196502
0.323656	0.0699618	0.2645029
0.323996	0.0617021	0.2483991
0.324335	0.0533318	0.2309368
0.324674	0.0544254	0.2332925
0.325013	0.0598728	0.2446892
0.325352	0.0544557	0.2333575
0.325691	0.0496651	0.2228567
0.32603	0.0514268	0.2267748
0.326369	0.0692999	0.2632487
0.326708	0.0635736	0.252138
0.327047	0.0561484	0.2369565
0.327386	0.0575826	0.2399637
0.327725	0.0720196	0.2683647
0.328064	0.0750261	0.2739089
0.328404	0.0703582	0.2652512
0.328743	0.0668193	0.2584943
0.329082	0.0855504	0.29249
0.329421	0.0770688	0.2776127
0.32976	0.0709032	0.2662765
0.330099	0.054988	0.2344952
0.330438	0.0655749	0.256076
0.330777	0.0677354	0.2602603
0.331116	0.0729947	0.2701753
0.331455	0.0684275	0.2615865
0.331794	0.0598833	0.2447106
0.332133	0.0419444	0.2048033
0.332472	0.0408489	0.2021111
0.332812	0.049745	0.2230359
0.333151	0.0457672	0.2139327
0.33349	0.0465315	0.2157116
0.333829	0.0406173	0.2015373
0.334168	0.0649274	0.2548085
0.334507	0.0714247	0.267254
0.334846	0.0670847	0.2590072
0.335185	0.0434045	0.2083375
0.335524	0.0506631	0.2250846
0.335863	0.0521662	0.2283992
0.336202	0.0541776	0.2327608
0.336541	0.0571147	0.2389868
0.336881	0.0465909	0.2158493
0.33722	0.0445973	0.2111807
0.337559	0.0432177	0.2078887
0.337898	0.0349305	0.186897
0.338237	0.0307849	0.1754563
0.338576	0.0307944	0.1754833
0.338915	0.0191885	0.1385226
0.339254	0.0346121	0.1860433
0.339593	0.0441259	0.2100617
0.339932	0.0313769	0.1771353
0.340271	0.0239953	0.1549042
0.34061	0.0228816	0.1512666
0.340949	0.0256894	0.1602791
0.341288	0.0244437	0.1563448
0.341628	0.0209243	0.1446523
0.341967	0.00712933	0.08443536
0.342306	-0.00549313	NAN
0.342645	0.00269174	0.05188198
0.342984	0.0179501	0.133978
0.343323	0.0139714	0.1182007
0.343662	0.00364722	0.06039222
0.344001	0.0215375	0.1467566
0.34434	0.0295979	0.1720404
0.344679	0.0144787	0.1203275
0.345018	0.00961373	0.09804963
0.345357	0.00479637	0.06925583
0.345696	-0.00593343	NAN
0.346036	-0.00780206	NAN
0.346375	-0.00788702	NAN
0.346714	0.0180438	0.1343272
0.347053	0.00801087	0.08950346
0.347392	0.0118226	0.1087318
0.347731	0.0148152	0.1217177
0.34807	0.0194412	0.1394317
0.348409	0.000680165	0.02607997
0.348748	-0.00876321	NAN
0.349087	-0.0148199	NAN
0.349426	0.00761913	0.08728763
0.349765	0.0125139	0.1118655
0.350104	0.0034153	0.05844057
0.350444	-0.00236524	NAN
0.350783	0.0177229	0.1331274
0.351122	0.0181918	0.134877
0.351461	0.00555971	0.07456346
0.3518	-0.00705512	NAN
0.352139	-0.00353897	NAN
0.352478	0.00593062	0.07701052
0.352817	0.0173912	0.1318757
0.353156	-0.00571804	NAN
0.353495	-0.00768416	NAN
0.353834	0.00910901	0.09544113
0.354173	0.0185931	0.1363565
0.354512	0.0196383	0.1401367
0.354852	0.0286642	0.1693051
0.355191	0.0208662	0.1444514
0.35553	0.0217084	0.1473377
0.355869	0.0198078	0.1407402
0.356208	0.00579559	0.07612877
0.356547	0.0143769	0.1199037
0.356886	0.0141456	0.1189353
0.357225	0.0108831	0.1043221
0.357564	0.0229925	0.1516328
0.357903	0.0249228	0.1578696
0.358242	0.0274631	0.1657199
0.358581	0.0118339	0.1087837
0.35892	0.00340331	0.05833789
0.35926	0.0168178	0.1296835
0.359599	0.0213416	0.1460876
0.359938	0.0252417	0.1588764
0.360277	0.0355926	0.18866
0.360616	0.038228	0.1955198
0.360955	0.0325457	0.1804043
0.361294	0.0240081	0.1549455
0.361633	0.00771053	0.08780962
0.361972	0.0180507	0.1343529
0.362311	0.0127806	0.1130513
0.36265	0.0269089	0.1640393
0.362989	0.0389687	0.1974049
0.363328	0.0293409	0.1712919
0.363668	0.0234392	0.1530987
0.364007	0.0192506	0.1387465
0.364346	0.00698	0.08354639
0.364685	0.0198145	0.140764
0.365024	0.0314969	0.1774737
0.365363	0.0207363	0.144001
0.365702	0.00986889	0.09934229
0.366041	0.00730914	0.08549351
0.36638	0.016111	0.1269291
0.366719	0.00916826	0.09575103
0.367058	0.0108034	0.1039394
0.367397	0.00833922	0.09131933
0.367736	0.0132492	0.1151052
0.368075	0.00324402	0.0569563
0.368415	0.00676812	0.08226858
0.368754	0.0196031	0.1400111
0.369093	0.0121494	0.1102243
0.369432	0.00863595	0.09292981
0.369771	0.0100659	0.100329
0.37011	0.0180687	0.1344199
0.370449	-0.00112207	NAN
0.370788	-0.00760661	NAN
0.371127	-0.003703	NAN
0.371466	-0.00955175	NAN
0.371805	0.00753203	0.08678727
0.372144	0.0190702	0.1380949
0.372483	0.0157432	0.1254719
0.372823	0.0145214	0.1205048
0.373162	0.00420138	0.06481805
0.373501	-0.0074926	NAN
0.37384	-0.0138099	NAN
0.374179	-0.0138612	NAN
0.374518	-0.00885349	NAN
0.374857	-0.0120582	NAN
0.375196	-0.00938983	NAN
0.375535	-0.00627676	NAN
0.375874	-0.0154061	NAN
0.376213	-0.0150585	NAN
0.376552	-0.00344776	NAN
0.376891	-0.0166481	NAN
0.377231	-0.0196678	NAN
0.37757	-0.029859	NAN
0.377909	-0.0229375	NAN
0.378248	-0.0031745	NAN
0.378587	-0.00470116	NAN
0.378926	-0.0150611	NAN
0.379265	-0.00414799	NAN
0.379604	-0.0178141	NAN
0.379943	-0.0287973	NAN
0.380282	-0.00698166	NAN
0.380621	-0.0223568	NAN
0.38096	-0.0211648	NAN
0.381299	-0.0229148	NAN
0.381638	-0.0122759	NAN
0.381978	-0.0107613	NAN
0.382317	-0.0100837	NAN
0.382656	-0.00327954	NAN
0.382995	-0.00473955	NAN
0.383334	-0.0314867	NAN
0.383673	-0.0166609	NAN
0.384012	-0.0036733	NAN
0.384351	0.00277315	0.05266071
0.38469	-0.00381862	NAN
0.385029	0.00107512	0.03278902
0.385368	-0.00245208	NAN
0.385707	-0.0257703	NAN
0.386046	-0.00818551	NAN
0.386386	-0.0125567	NAN
0.386725	-0.0009997051	NAN
0.387064	-0.0110407	NAN
0.387403	-0.011106	NAN
0.387742	0.00740633	0.08606004
0.388081	-0.0195793	NAN
0.38842	-0.0194709	NAN
0.388759	0.0102671	0.1013267
0.389098	0.0120367	0.1097119
0.389437	0.0127953	0.1131163
0.389776	0.00410173	0.06404475
0.390115	-0.00450775	NAN
0.390454	-0.0180455	NAN
0.390793	0.00752615	0.08675338
0.391133	0.0151728	0.1231779
0.391472	0.00794498	0.08913462
0.391811	0.0061155	0.07820166
0.39215	-0.0112721	NAN
0.392489	-0.00803176	NAN
0.392828	-0.0134751	NAN
0.393167	0.0123079	0.110941
0.393506	0.0229926	0.1516331
0.393845	0.00466309	0.06828682
0.394184	0.0104826	0.1023846
0.394523	0.0234556	0.1531522
0.394862	0.00677145	0.08228882
0.395201	-0.0148128	NAN
0.395541	-0.0171708	NAN
0.39588	-0.0143436	NAN
0.396219	-0.00567177	NAN
0.396558	0.000666939	0.02582516
0.396897	0.0173073	0.1315572
0.397236	0.0080241	0.08957734
0.397575	-0.017886	NAN
0.397914	-0.0229095	NAN
0.398253	-0.0169316	NAN
0.398592	-0.0113178	NAN
0.398931	0.000495644	0.02226306
0.39927	0.00715391	0.08458079
0.399609	0.0176136	0.1327162
0.399948	-0.00570761	NAN
0.400288	-0.0206425	NAN
0.400627	-0.0173655	NAN
0.400966	-0.0023786	NAN
0.401305	-0.0218325	NAN
0.401644	-0.0174045	NAN
0.401983	-0.0159866	NAN
0.402322	-0.0579063	NAN
0.402661	-0.0280179	NAN
0.403	-0.012861	NAN
0.403339	0.0126252	0.1123619
0.403678	0.00795881	0.08921216
0.404017	-0.0112799	NAN
0.404356	-0.00251727	NAN
0.404695	0.00252579	0.05025724
0.405035	0.00310768	0.05574657
0.405374	-0.0374339	NAN
0.405713	-0.0438926	NAN
0.406052	-0.0331198	NAN
0.406391	-0.0193638	NAN
0.40673	0.00561459	0.07493056
0.407069	-0.0044921	NAN
0.407408	-0.0229639	NAN
0.407747	-0.0243752	NAN
0.408086	-0.0099065	NAN
0.408425	-0.00534115	NAN
0.408764	-0.0413896	NAN
0.409103	-0.0265403	NAN
0.409442	-0.0159725	NAN
0.409782	-0.0297369	NAN
0.410121	-0.0287627	NAN
0.41046	-0.0475152	NAN
0.410799	-0.0370103	NAN
0.411138	-0.0339922	NAN
0.411477	-0.0615161	NAN
0.411816	-0.0419235	NAN
0.412155	-0.0171839	NAN
0.412494	-0.0253211	NAN
0.412833	-0.0270688	NAN
0.413172	-0.00557624	NAN
0.413511	-0.0294269	NAN
0.41385	-0.0460767	NAN
0.41419	-0.017806	NAN
0.414529	0.012795	0.113115
0.414868	-0.019771	NAN
0.415207	-0.0225187	NAN
0.415546	-0.0281498	NAN
0.415885	-0.00750569	NAN
0.416224	-0.0147711	NAN
0.416563	-0.0234607	NAN
0.416902	-0.0375093	NAN
0.417241	-0.0181011	NAN
0.41758	-0.00964856	NAN
0.417919	-0.00999264	NAN
0.418258	-0.00312143	NAN
0.418597	-0.0013539	NAN
0.418936	-0.0151488	NAN
0.419276	-0.0135274	NAN
0.419615	-0.00279336	NAN
0.419954	-0.0236042	NAN
0.420293	-0.0290003	NAN
0.420632	-0.0481663	NAN
0.420971	-0.031966	NAN
0.42131	-0.0446779	NAN
0.421649	-0.0312977	NAN
0.421988	-0.0177768	NAN
0.422327	0.000573367	0.02394508
0.422666	-0.00883236	NAN
0.423005	-0.00210734	NAN
0.423344	-0.00741282	NAN
0.423683	-0.0387031	NAN
0.424023	-0.012715	NAN
0.424362	-0.0229014	NAN
0.424701	-0.0509456	NAN
0.42504	-0.028535	NAN
0.425379	-0.0417384	NAN
0.425718	-0.0353516	NAN
0.426057	-0.00239872	NAN
0.426396	-0.0307389	NAN
0.426735	-0.0538866	NAN
0.427074	-0.0330615	NAN
0.427413	-0.0189462	NAN
0.427752	-0.027545	NAN
0.428091	0.00392766	0.06267105
0.42843	-0.00429864	NAN
0.42877	-0.0455392	NAN
0.429109	-0.0277755	NAN
0.429448	-0.0455736	NAN
0.429787	-0.0644217	NAN
0.430126	-0.0520214	NAN
0.430465	-0.0730671	NAN
0.430804	-0.0411611	NAN
0.431143	-0.0154839	NAN
0.431482	-0.0121655	NAN
0.431821	-0.0522761	NAN
0.43216	-0.0592624	NAN
0.432499	-0.0416119	NAN
0.432838	-0.0271349	NAN
0.433178	-0.0108839	NAN
0.433517	-0.01949	NAN
0.433856	-0.0243068	NAN
0.434195	-0.0671322	NAN
0.434534	-0.0646532	NAN
0.434873	-0.0534586	NAN
0.435212	-0.0543189	NAN
0.435551	-0.0605013	NAN
0.43589	-0.0678792	NAN
0.436229	-0.0438172	NAN
0.436568	-0.0537472	NAN
0.436907	-0.0398735	NAN
0.437246	-0.0399618	NAN
0.437585	-0.0472774	NAN
0.437924	-0.0415838	NAN
0.438264	-0.0515699	NAN
0.438603	-0.0724641	NAN
0.438942	-0.060752	NAN
0.439281	-0.106626	NAN
0.43962	-0.109203	NAN
0.439959	-0.0871778	NAN
0.440298	-0.0623416	NAN
0.440637	-0.0506971	NAN
0.440976	-0.0509372	NAN
0.441315	-0.0644669	NAN
0.441654	-0.0687248	NAN
0.441993	-0.061093	NAN
0.442332	-0.0664377	NAN
0.442671	-0.0544965	NAN
0.443011	-0.0670818	NAN
0.44335	-0.0097478	NAN
0.443689	-0.0379103	NAN
0.444028	-0.0518723	NAN
0.444367	-0.0726646	NAN
0.444706	-0.0585758	NAN
0.445045	-0.0769937	NAN
0.445384	-0.0748425	NAN
0.445723	-0.0416821	NAN
0.446062	-0.0248929	NAN
0.446401	-0.0581098	NAN
0.44674	-0.0987366	NAN
0.447079	-0.0792424	NAN
0.447418	-0.0597922	NAN
0.447757	-0.0117533	NAN
0.448097	-0.051661	NAN
0.448436	-0.0714483	NAN
0.448775	-0.0551027	NAN
0.449114	-0.016161	NAN
0.449453	-0.041172	NAN
0.449792	-0.0643899	NAN
0.450131	-0.0589379	NAN
0.45047	-0.0599241	NAN
0.450809	-0.066573	NAN
0.451148	-0.0331361	NAN
0.451487	-0.0364004	NAN
0.451826	-0.0635376	NAN
0.452165	0.00272196	0.05217241
0.452504	-0.0154937	NAN
0.452844	-0.0471067	NAN
0.453183	-0.0846414	NAN
0.453522	-0.124225	NAN
0.453861	-0.14525	NAN
0.4542	-0.125608	NAN
0.454539	-0.116425	NAN
0.454878	-0.0547142	NAN
0.455217	-0.045325	NAN
0.455556	-0.0661601	NAN
0.455895	-0.0497289	NAN
0.456234	-0.0644592	NAN
0.456573	-0.0500612	NAN
0.456912	-0.0545406	NAN
0.457251	-0.0830596	NAN
0.45759	-0.0920513	NAN
0.457929	-0.0543474	NAN
0.458269	-0.0543085	NAN
0.458608	-0.0467467	NAN
0.458947	-0.109397	NAN
0.459286	-0.0725151	NAN
0.459625	-0.0101949	NAN
0.459964	-0.0324334	NAN
0.460303	-0.0307416	NAN
0.460642	-0.0676624	NAN
0.460981	-0.0331666	NAN
0.46132	-0.0287503	NAN
0.461659	-0.0890341	NAN
0.461998	-0.0829568	NAN
0.462337	-0.0582549	NAN
0.462676	-0.0553208	NAN
0.463016	-0.0535449	NAN
0.463355	-0.0312094	NAN
0.463694	-0.0287834	NAN
0.464033	-0.0984738	NAN
0.464372	-0.0784916	NAN
0.464711	-0.0268225	NAN
0.46505	-0.0471066	NAN
0.465389	-0.0592849	NAN
0.465728	-0.0946281	NAN
0.466067	-0.0576917	NAN
0.466406	-0.036318	NAN
0.466745	-0.031454	NAN
0.467084	-0.0421511	NAN
0.467423	-0.0874436	NAN
0.467762	-0.112298	NAN
0.468102	-0.084889	NAN
0.468441	-0.107626	NAN
0.46878	-0.12066	NAN
0.469119	-0.0625039	NAN
0.469458	-0.0979472	NAN
0.469797	-0.112939	NAN
0.470136	-0.0788709	NAN
0.470475	-0.0809356	NAN
0.470814	-0.123069	NAN
0.471153	-0.0791158	NAN
0.471492	-0.136534	NAN
0.471831	-0.149557	NAN
0.47217	-0.136811	NAN
0.472509	-0.144214	NAN
0.472849	-0.113476	NAN
0.473188	-0.0965389	NAN
0.473527	-0.0997122	NAN
0.473866	-0.108805	NAN
0.474205	-0.125268	NAN
0.474544	-0.134929	NAN
0.474883	-0.0766115	NAN
0.475222	-0.0948305	NAN
0.475561	-0.141958	NAN
0.4759	-0.117174	NAN
0.476239	-0.13703	NAN
0.476578	-0.151833	NAN
0.476917	-0.133786	NAN
0.477256	-0.0713051	NAN
0.477595	-0.110683	NAN
0.477934	-0.0574971	NAN
0.478274	-0.0818717	NAN
0.478613	-0.18262	NAN
0.478952	-0.161324	NAN
0.479291	-0.0781792	NAN
0.47963	-0.0732732	NAN
0.479969	-0.159647	NAN
0.480308	-0.0627252	NAN
0.480647	-0.0285884	NAN
0.480986	-0.108271	NAN
0.481325	-0.171266	NAN
0.481664	-0.117785	NAN
0.482003	-0.0701619	NAN
0.482342	-0.113246	NAN
0.482681	-0.0315398	NAN
0.48302	0.0398964	0.1997408
0.48336	0.066266	0.2574218
0.483699	-0.0800511	NAN
0.484038	-0.21884	NAN
0.484377	-0.0936158	NAN
0.484716	-0.109838	NAN
0.485055	-0.188922	NAN
0.485394	-0.0814161	NAN
0.485733	-0.0408523	NAN
0.486072	-0.046365	NAN
0.486411	-0.0657225	NAN
0.48675	-0.118808	NAN
0.487089	-0.0687945	NAN
0.487428	0.0334223	0.1828177
0.487767	-0.0465611	NAN
0.488106	0.0464815	0.2155957
0.488445	-0.177343	NAN
0.488785	-0.00112002	NAN
0.489124	-0.0153481	NAN
0.489463	-0.288389	NAN
0.489802	-0.275396	NAN
0.490141	-0.240307	NAN
0.49048	-0.142346	NAN
0.490819	-0.175035	NAN
0.491158	-0.367253	NAN
0.491497	-0.335253	NAN
0.491836	-0.312676	NAN
0.492175	-0.341937	NAN
0.492514	-0.141026	NAN
0.492853	-0.0827121	NAN
0.493192	-0.486196	NAN
0.493531	-0.481647	NAN
