#   Data imported from folder=prg HD:Users:ilavsky:Documents:Experiments:ESRF SAXS experiment 5 2008:data colloids:
#   Data file name=colloids_0_0005.dat
#   q[nm-1]colloids_0_0005_Spheres-0.05_trm=0.537848
#   Exported=Sat, Aug 30, 2008 7:27:59 AM
Q_colloids_0_0005	R_colloids_0_0005	S_colloids_0_0005
0.00796857	2744.41	52.38712
0.00830766	2705.28	52.01231
0.00864675	2712.05	52.07735
0.00898584	2665.26	51.62616
0.00932492	2690.92	51.87408
0.00966401	2688.96	51.85518
0.0100031	2718.71	52.14125
0.0103422	2697.89	51.94122
0.0106813	2681.68	51.78494
0.0110204	2654.24	51.51932
0.0113595	2639.47	51.37577
0.0116985	2610.33	51.09139
0.0120376	2592.43	50.91591
0.0123767	2561.55	50.61176
0.0127158	2535.88	50.35752
0.0130549	2512.26	50.12245
0.013394	2487.85	49.87835
0.0137331	2458.54	49.58367
0.0140722	2430.89	49.30405
0.0144112	2398.17	48.97111
0.0147503	2369.17	48.67412
0.0150894	2337.41	48.34677
0.0154285	2302.02	47.97937
0.0157676	2272.02	47.66571
0.0161067	2234.56	47.27113
0.0164458	2196.92	46.87131
0.0167849	2158.25	46.45697
0.017124	2117.89	46.02054
0.017463	2080.65	45.61414
0.0178021	2041.33	45.18108
0.0181412	2000.53	44.72728
0.0184803	1953.06	44.19344
0.0188194	1909.55	43.6984
0.0191585	1865.58	43.19236
0.0194976	1818.56	42.64458
0.0198367	1771.44	42.08848
0.0201757	1726.52	41.55141
0.0205148	1675.34	40.93092
0.0208539	1627.46	40.34179
0.021193	1579.61	39.74431
0.0215321	1530.19	39.11764
0.0218712	1479.87	38.46908
0.0222103	1427.66	37.78439
0.0225494	1375.42	37.08665
0.0228884	1324.97	36.40014
0.0232275	1275.8	35.71834
0.0235666	1229.06	35.05795
0.0239057	1180.58	34.35957
0.0242448	1132.33	33.65011
0.0245839	1083.81	32.92127
0.024923	1038.5	32.22577
0.0252621	993.984	31.52751
0.0256012	947.412	30.78006
0.0259402	903.811	30.06345
0.0262793	860.549	29.33512
0.0266184	819.677	28.63
0.0269575	777.793	27.88894
0.0272966	737.353	27.15425
0.0276357	698.522	26.42957
0.0279748	661.506	25.71976
0.0283139	624.769	24.99538
0.0286529	589.194	24.27332
0.028992	554.826	23.55474
0.0293311	522.435	22.85684
0.0296702	491.579	22.17158
0.0300093	461.272	21.47724
0.0303484	432.075	20.78641
0.0306875	403.649	20.09102
0.0310266	378.023	19.44281
0.0313657	352.584	18.77722
0.0317047	329.071	18.14031
0.0320438	305.547	17.4799
0.0323829	283.782	16.84583
0.032722	262.603	16.20503
0.0330611	243.086	15.59122
0.0334002	223.956	14.96516
0.0337393	206.864	14.38277
0.0340784	190.458	13.80065
0.0344174	174.894	13.22475
0.0347565	160.368	12.66365
0.0350956	146.272	12.0943
0.0354347	133.254	11.54357
0.0357738	121.461	11.02093
0.0361129	110.108	10.49324
0.036452	99.5183	9.975886
0.0367911	89.9175	9.482484
0.0371301	80.8345	8.990801
0.0374692	72.4108	8.509454
0.0378083	64.7916	8.049323
0.0381474	57.8068	7.603078
0.0384865	51.3488	7.165808
0.0388256	45.5467	6.748829
0.0391647	40.2452	6.343911
0.0395038	35.361	5.946512
0.0398429	31.0706	5.574101
0.0401819	27.165	5.212006
0.040521	23.602	4.858189
0.0408601	20.5036	4.52809
0.0411992	17.878	4.228239
0.0415383	15.6414	3.954921
0.0418774	13.7248	3.7047
0.0422165	12.0363	3.469337
0.0425556	10.7354	3.276492
0.0428946	9.73939	3.1208
0.0432337	8.99072	2.998453
0.0435728	8.47803	2.911706
0.0439119	8.19157	2.862092
0.044251	8.13677	2.852502
0.0445901	8.23116	2.869
0.0449292	8.44213	2.905535
0.0452683	8.83533	2.972428
0.0456073	9.4094	3.067475
0.0459464	10.0995	3.177971
0.0462855	10.8887	3.299803
0.0466246	11.7282	3.424646
0.0469637	12.6823	3.561222
0.0473028	13.7119	3.702958
0.0476419	14.728	3.837708
0.047981	15.7729	3.971511
0.0483201	16.877	4.108163
0.0486591	18.0122	4.244078
0.0489982	19.1453	4.375534
0.0493373	20.2497	4.499967
0.0496764	21.3785	4.623689
0.0500155	22.5109	4.744565
0.0503546	23.5186	4.849598
0.0506937	24.5293	4.952706
0.0510328	25.5239	5.052118
0.0513718	26.4487	5.14283
0.0517109	27.1958	5.214959
0.05205	27.9991	5.291418
0.0523891	28.7296	5.36
0.0527282	29.4246	5.424445
0.0530673	30.0568	5.482409
0.0534064	30.6025	5.531953
0.0537455	31.0195	5.569515
0.0540845	31.3969	5.603294
0.0544236	31.7351	5.633391
0.0547627	32.0914	5.664927
0.0551018	32.1825	5.672962
0.0554409	32.2726	5.680898
0.05578	32.3531	5.687979
0.0561191	32.3	5.683309
0.0564582	32.0995	5.665642
0.0567973	31.8639	5.644812
0.0571363	31.6629	5.62698
0.0574754	31.3413	5.59833
0.0578145	30.9573	5.563929
0.0581536	30.5734	5.529322
0.0584927	30.1122	5.487458
0.0588318	29.5423	5.435283
0.0591709	28.945	5.380056
0.05951	28.356	5.325035
0.059849	27.6955	5.262651
0.0601881	26.9792	5.19415
0.0605272	26.2788	5.126285
0.0608663	25.5409	5.053801
0.0612054	24.7601	4.975952
0.0615445	23.9546	4.894343
0.0618836	23.1969	4.816316
0.0622227	22.4145	4.734396
0.0625617	21.5522	4.642435
0.0629008	20.6526	4.544513
0.0632399	19.7494	4.44403
0.063579	18.8205	4.33826
0.0639181	17.923	4.233556
0.0642572	17.0923	4.134284
0.0645963	16.2859	4.035579
0.0649354	15.4714	3.93337
0.0652744	14.6655	3.829556
0.0656135	13.8645	3.723506
0.0659526	13.0285	3.609501
0.0662917	12.1556	3.486488
0.0666308	11.377	3.372981
0.0669699	10.6507	3.263541
0.067309	9.92566	3.150501
0.0676481	9.21878	3.036244
0.0679871	8.554	2.924722
0.0683262	7.94205	2.818164
0.0686653	7.34139	2.7095
0.0690044	6.78118	2.60407
0.0693435	6.27158	2.504312
0.0696826	5.78498	2.405199
0.0700217	5.33054	2.308796
0.0703608	4.86002	2.204545
0.0706998	4.4191	2.102165
0.0710389	4.03996	2.009965
0.071378	3.67207	1.916265
0.0717171	3.34629	1.829287
0.0720562	3.07436	1.753385
0.0723953	2.83906	1.684951
0.0727344	2.61608	1.61743
0.0730735	2.39314	1.546978
0.0734125	2.19373	1.481125
0.0737516	2.06576	1.437275
0.0740907	1.95523	1.398295
0.0744298	1.86843	1.366905
0.0747689	1.80643	1.344035
0.075108	1.76277	1.327693
0.0754471	1.74463	1.320844
0.0757862	1.7489	1.32246
0.0761252	1.7715	1.330977
0.0764643	1.82973	1.352675
0.0768034	1.89644	1.377113
0.0771425	1.98058	1.407331
0.0774816	2.07831	1.441635
0.0778207	2.17956	1.476333
0.0781598	2.29528	1.515018
0.0784989	2.41417	1.55376
0.0788379	2.54264	1.594566
0.079177	2.67585	1.635803
0.0795161	2.8401	1.68526
0.0798552	3.00879	1.734586
0.0801943	3.15366	1.775855
0.0805334	3.30434	1.817784
0.0808725	3.47929	1.865286
0.0812116	3.63919	1.907666
0.0815507	3.80258	1.950021
0.0818897	3.96077	1.990168
0.0822288	4.12141	2.030126
0.0825679	4.29139	2.071567
0.082907	4.43019	2.104802
0.0832461	4.58001	2.140096
0.0835852	4.68939	2.1655
0.0839243	4.8115	2.193513
0.0842633	4.93356	2.221162
0.0846024	5.04242	2.245533
0.0849415	5.14929	2.269205
0.0852806	5.22625	2.286099
0.0856197	5.29463	2.301006
0.0859588	5.35552	2.3142
0.0862979	5.40295	2.324425
0.086637	5.42029	2.328152
0.0869761	5.45741	2.33611
0.0873151	5.51618	2.348655
0.0876542	5.55026	2.355899
0.0879933	5.54552	2.354893
0.0883324	5.53838	2.353376
0.0886715	5.50546	2.346372
0.0890106	5.46206	2.337105
0.0893497	5.43869	2.3321
0.0896887	5.37799	2.319049
0.0900278	5.28973	2.299941
0.0903669	5.19872	2.28007
0.090706	5.15232	2.269872
0.0910451	5.08842	2.255753
0.0913842	4.98777	2.233332
0.0917233	4.87882	2.208805
0.0920624	4.74064	2.177301
0.0924014	4.63948	2.153945
0.0927405	4.53807	2.130275
0.0930796	4.41338	2.100805
0.0934187	4.28626	2.070328
0.0937578	4.15324	2.03795
0.0940969	4.00738	2.001844
0.094436	3.8717	1.967664
0.0947751	3.71515	1.927472
0.0951141	3.55665	1.885908
0.0954532	3.41914	1.849092
0.0957923	3.28317	1.811952
0.0961314	3.1585	1.777217
0.0964705	2.99652	1.731046
0.0968096	2.85091	1.688464
0.0971487	2.70943	1.646035
0.0974878	2.55061	1.597063
0.0978268	2.42016	1.555686
0.0981659	2.30027	1.516664
0.098505	2.15529	1.468091
0.0988441	2.00533	1.416097
0.0991832	1.88695	1.373663
0.0995223	1.77414	1.331968
0.0998614	1.65914	1.288076
0.1002	1.5581	1.248239
0.10054	1.46667	1.211061
0.100879	1.36681	1.169106
0.101218	1.26534	1.124873
0.101557	1.17828	1.085486
0.101896	1.11177	1.054405
0.102235	1.04032	1.019961
0.102574	0.967675	0.9837047
0.102913	0.903055	0.9502921
0.103252	0.847868	0.9207975
0.103591	0.7974	0.8929726
0.10393	0.751598	0.8669475
0.104269	0.719338	0.848138
0.104609	0.689027	0.8300765
0.104948	0.673805	0.8208563
0.105287	0.650918	0.8067949
0.105626	0.643539	0.8022088
0.105965	0.644394	0.8027415
0.106304	0.632273	0.7951559
0.106643	0.628151	0.7925598
0.106982	0.644897	0.8030548
0.107321	0.658896	0.8117241
0.10766	0.673791	0.8208477
0.107999	0.692502	0.8321671
0.108339	0.716446	0.8464313
0.108678	0.737519	0.8587893
0.109017	0.770332	0.8776856
0.109356	0.811193	0.9006625
0.109695	0.848874	0.9213436
0.110034	0.878509	0.9372881
0.110373	0.913635	0.9558426
0.110712	0.952267	0.9758417
0.111051	0.997869	0.9989339
0.11139	1.0476	1.023523
0.111729	1.07693	1.037752
0.112069	1.11906	1.057856
0.112408	1.15367	1.07409
0.112747	1.1951	1.093206
0.113086	1.23807	1.112686
0.113425	1.29053	1.136015
0.113764	1.34146	1.158214
0.114103	1.37951	1.174525
0.114442	1.41072	1.187737
0.114781	1.44475	1.201977
0.11512	1.46782	1.211536
0.115459	1.48629	1.219135
0.115798	1.50584	1.227127
0.116138	1.53858	1.240395
0.116477	1.56458	1.250832
0.116816	1.59015	1.261011
0.117155	1.6129	1.27
0.117494	1.63253	1.277705
0.117833	1.65382	1.286009
0.118172	1.66013	1.28846
0.118511	1.65212	1.285348
0.11885	1.6553	1.286585
0.119189	1.64561	1.282813
0.119528	1.64257	1.281628
0.119868	1.64793	1.283717
0.120207	1.63627	1.279168
0.120546	1.62473	1.274649
0.120885	1.61662	1.271464
0.121224	1.60554	1.267099
0.121563	1.59699	1.263721
0.121902	1.56704	1.251815
0.122241	1.54749	1.243981
0.12258	1.51094	1.229203
0.122919	1.47783	1.21566
0.123258	1.44374	1.201557
0.123597	1.40472	1.185209
0.123937	1.37646	1.173226
0.124276	1.33759	1.156542
0.124615	1.29658	1.138675
0.124954	1.25701	1.121165
0.125293	1.22579	1.107154
0.125632	1.18723	1.089601
0.125971	1.1575	1.075872
0.12631	1.11949	1.05806
0.126649	1.06837	1.03362
0.126988	1.02754	1.013676
0.127327	0.994288	0.9971399
0.127667	0.953543	0.9764953
0.128006	0.908698	0.9532565
0.128345	0.872238	0.9339368
0.128684	0.837129	0.9149475
0.129023	0.794935	0.8915913
0.129362	0.756376	0.8696988
0.129701	0.719025	0.8479534
0.13004	0.686315	0.8284413
0.130379	0.654183	0.8088158
0.130718	0.619022	0.7867795
0.131057	0.590479	0.7684263
0.131396	0.564603	0.7514006
0.131736	0.534867	0.731346
0.132075	0.502356	0.7087708
0.132414	0.472108	0.6871012
0.132753	0.449104	0.6701522
0.133092	0.431081	0.6565676
0.133431	0.422213	0.6497792
0.13377	0.407503	0.6383596
0.134109	0.388095	0.6229727
0.134448	0.37488	0.6122744
0.134787	0.356679	0.5972261
0.135126	0.345175	0.587516
0.135465	0.340205	0.583271
0.135805	0.342096	0.5848897
0.136144	0.340438	0.5834706
0.136483	0.330068	0.5745155
0.136822	0.323562	0.5688251
0.137161	0.332354	0.5765015
0.1375	0.342539	0.5852683
0.137839	0.343667	0.5862312
0.138178	0.338692	0.5819725
0.138517	0.348469	0.5903126
0.138856	0.353604	0.5946461
0.139195	0.357818	0.5981789
0.139535	0.375651	0.6129038
0.139874	0.391829	0.6259625
0.140213	0.396047	0.6293226
0.140552	0.408154	0.6388693
0.140891	0.418383	0.6468253
0.14123	0.431927	0.6572115
0.141569	0.449068	0.6701254
0.141908	0.460876	0.6788785
0.142247	0.470842	0.6861793
0.142586	0.475914	0.6898652
0.142925	0.486787	0.6977012
0.143264	0.509005	0.7134458
0.143604	0.527865	0.7265432
0.143943	0.536862	0.7327087
0.144282	0.544365	0.737811
0.144621	0.55939	0.7479238
0.14496	0.578746	0.7607536
0.145299	0.595354	0.7715919
0.145638	0.610534	0.7813668
0.145977	0.617631	0.785895
0.146316	0.619344	0.7869841
0.146655	0.627192	0.7919546
0.146994	0.631574	0.7947163
0.147334	0.646225	0.8038812
0.147673	0.661208	0.8131469
0.148012	0.668759	0.8177769
0.148351	0.664472	0.8151515
0.14869	0.665011	0.8154821
0.149029	0.671327	0.8193455
0.149368	0.670954	0.8191178
0.149707	0.666203	0.8162126
0.150046	0.668181	0.8174234
0.150385	0.670102	0.8185976
0.150724	0.658374	0.8114025
0.151063	0.658941	0.8117518
0.151403	0.660592	0.8127681
0.151742	0.656451	0.8102166
0.152081	0.642689	0.8016788
0.15242	0.633917	0.796189
0.152759	0.631939	0.7949459
0.153098	0.628692	0.792901
0.153437	0.619001	0.7867662
0.153776	0.613895	0.7835145
0.154115	0.604025	0.7771904
0.154454	0.585244	0.7650124
0.154793	0.567441	0.7532868
0.155132	0.546345	0.7391515
0.155472	0.535617	0.7318586
0.155811	0.516338	0.7185666
0.15615	0.501245	0.7079866
0.156489	0.494311	0.7030725
0.156828	0.485831	0.6970158
0.157167	0.466161	0.6827598
0.157506	0.448194	0.6694729
0.157845	0.432725	0.6578184
0.158184	0.413821	0.6432892
0.158523	0.402915	0.6347558
0.158862	0.391721	0.6258762
0.159202	0.373692	0.6113035
0.159541	0.360732	0.6006097
0.15988	0.351689	0.5930337
0.160219	0.340442	0.5834741
0.160558	0.327843	0.5725757
0.160897	0.319325	0.5650885
0.161236	0.297822	0.5457307
0.161575	0.285282	0.5341179
0.161914	0.276192	0.5255398
0.162253	0.262761	0.5126022
0.162592	0.257984	0.5079213
0.162931	0.249599	0.4995988
0.163271	0.243232	0.4931855
0.16361	0.235883	0.4856779
0.163949	0.224386	0.473694
0.164288	0.219103	0.4680844
0.164627	0.218972	0.4679444
0.164966	0.212731	0.4612277
0.165305	0.209241	0.4574287
0.165644	0.204961	0.4527262
0.165983	0.202753	0.450281
0.166322	0.202149	0.4496098
0.166661	0.201144	0.4484908
0.167	0.206451	0.4543688
0.16734	0.206304	0.454207
0.167679	0.202206	0.4496732
0.168018	0.20329	0.4508769
0.168357	0.207616	0.455649
0.168696	0.209427	0.4576319
0.169035	0.212414	0.4608839
0.169374	0.212698	0.4611919
0.169713	0.217439	0.4663036
0.170052	0.221188	0.4703063
0.170391	0.22176	0.470914
0.17073	0.22546	0.4748263
0.17107	0.230123	0.4797114
0.171409	0.231833	0.4814904
0.171748	0.234011	0.4837468
0.172087	0.241017	0.4909348
0.172426	0.249316	0.4993155
0.172765	0.258244	0.5081772
0.173104	0.261247	0.5111233
0.173443	0.260641	0.5105301
0.173782	0.266046	0.5157965
0.174121	0.278487	0.5277187
0.17446	0.284815	0.5336806
0.174799	0.288066	0.5367178
0.175139	0.294487	0.5426666
0.175478	0.295849	0.54392
0.175817	0.297838	0.5457454
0.176156	0.298353	0.546217
0.176495	0.310023	0.5567971
0.176834	0.31681	0.5628588
0.177173	0.320893	0.5664742
0.177512	0.314477	0.5607825
0.177851	0.317631	0.5635876
0.17819	0.325689	0.5706917
0.178529	0.328376	0.573041
0.178868	0.329748	0.5742369
0.179208	0.33072	0.5750826
0.179547	0.330804	0.5751556
0.179886	0.322497	0.5678882
0.180225	0.321807	0.5672804
0.180564	0.323818	0.5690501
0.180903	0.32055	0.5661713
0.181242	0.315438	0.5616387
0.181581	0.315774	0.5619377
0.18192	0.315304	0.5615194
0.182259	0.316326	0.5624287
0.182598	0.314546	0.560844
0.182937	0.31123	0.5578799
0.183277	0.31072	0.5574226
0.183616	0.306062	0.5532287
0.183955	0.294314	0.5425071
0.184294	0.286364	0.5351299
0.184633	0.281896	0.5309388
0.184972	0.271864	0.5214058
0.185311	0.262628	0.5124725
0.18565	0.266799	0.5165259
0.185989	0.261899	0.5117607
0.186328	0.25147	0.5014678
0.186667	0.247558	0.497552
0.187007	0.239665	0.4895559
0.187346	0.234162	0.4839029
0.187685	0.231119	0.4807484
0.188024	0.225419	0.4747831
0.188363	0.22083	0.4699255
0.188702	0.220176	0.4692292
0.189041	0.210326	0.4586131
0.18938	0.199278	0.4464056
0.189719	0.191306	0.4373854
0.190058	0.185741	0.4309768
0.190397	0.179854	0.424092
0.190736	0.170414	0.4128123
0.191076	0.162304	0.4028697
0.191415	0.159931	0.3999138
0.191754	0.153578	0.3918903
0.192093	0.149233	0.3863069
0.192432	0.143682	0.3790541
0.192771	0.137667	0.371035
0.19311	0.132978	0.3646615
0.193449	0.134598	0.366876
0.193788	0.129078	0.3592743
0.194127	0.123254	0.3510755
0.194466	0.122453	0.3499328
0.194805	0.119416	0.3455662
0.195145	0.11776	0.3431618
0.195484	0.119783	0.3460968
0.195823	0.116256	0.3409633
0.196162	0.118619	0.3444111
0.196501	0.122024	0.3493193
0.19684	0.117135	0.3422499
0.197179	0.113731	0.3372403
0.197518	0.110121	0.3318448
0.197857	0.109489	0.3308912
0.198196	0.112192	0.3349507
0.198535	0.114576	0.3384908
0.198874	0.109384	0.3307325
0.199214	0.115052	0.3391932
0.199553	0.116026	0.3406259
0.199892	0.117437	0.3426908
0.200231	0.117203	0.3423492
0.20057	0.115864	0.340388
0.200909	0.113515	0.3369199
0.201248	0.120356	0.3469236
0.201587	0.12288	0.3505424
0.201926	0.122317	0.3497385
0.202265	0.13004	0.3606106
0.202604	0.135857	0.3685879
0.202943	0.137379	0.3706467
0.203283	0.133953	0.3659959
0.203622	0.134989	0.3674085
0.203961	0.137041	0.3701905
0.2043	0.139884	0.3740107
0.204639	0.146672	0.3829778
0.204978	0.144672	0.3803577
0.205317	0.145655	0.3816478
0.205656	0.147072	0.3834997
0.205995	0.147571	0.3841497
0.206334	0.150078	0.387399
0.206673	0.150145	0.3874855
0.207012	0.15519	0.3939416
0.207352	0.159048	0.3988082
0.207691	0.159075	0.3988421
0.20803	0.159288	0.399109
0.208369	0.159511	0.3993883
0.208708	0.156504	0.3956059
0.209047	0.158537	0.398167
0.209386	0.161897	0.4023643
0.209725	0.159873	0.3998412
0.210064	0.158529	0.398157
0.210403	0.161482	0.4018482
0.210742	0.159056	0.3988183
0.211082	0.16358	0.4044502
0.211421	0.162944	0.4036632
0.21176	0.15846	0.3980704
0.212099	0.158478	0.398093
0.212438	0.160792	0.4009888
0.212777	0.156842	0.3960328
0.213116	0.150192	0.3875461
0.213455	0.150046	0.3873577
0.213794	0.147164	0.3836196
0.214133	0.148616	0.3855075
0.214472	0.147323	0.3838268
0.214811	0.142339	0.3772784
0.21515	0.136136	0.3689661
0.21549	0.137097	0.3702661
0.215829	0.135435	0.3680149
0.216168	0.129815	0.3602985
0.216507	0.126321	0.3554167
0.216846	0.124097	0.352274
0.217185	0.120061	0.3464982
0.217524	0.116127	0.3407741
0.217863	0.114764	0.3387684
0.218202	0.113492	0.3368857
0.218541	0.107346	0.327637
0.21888	0.101846	0.3191332
0.219219	0.0985011	0.3138489
0.219559	0.0959631	0.3097791
0.219898	0.0938342	0.3063237
0.220237	0.0946284	0.3076173
0.220576	0.0896156	0.2993586
0.220915	0.0841873	0.2901505
0.221254	0.0801065	0.2830309
0.221593	0.0796563	0.2822345
0.221932	0.075744	0.2752163
0.222271	0.0719982	0.2683248
0.22261	0.0751314	0.2741011
0.222949	0.0699339	0.2644502
0.223289	0.067416	0.2596459
0.223628	0.0673736	0.2595643
0.223967	0.067223	0.259274
0.224306	0.0650309	0.2550116
0.224645	0.0639201	0.2528242
0.224984	0.0628337	0.2506665
0.225323	0.0586562	0.2421904
0.225662	0.0558041	0.2362289
0.226001	0.0591926	0.2432953
0.22634	0.0617518	0.2484991
0.226679	0.0580629	0.2409624
0.227018	0.0590242	0.242949
0.227358	0.0562496	0.23717
0.227697	0.0523465	0.2287936
0.228036	0.0549288	0.2343689
0.228375	0.0556347	0.2358701
0.228714	0.0563635	0.23741
0.229053	0.0605572	0.2460837
0.229392	0.0604541	0.2458742
0.229731	0.0615476	0.2480879
0.23007	0.0622826	0.2495648
0.230409	0.0628706	0.2507401
0.230748	0.0636906	0.25237
0.231087	0.0653762	0.2556877
0.231427	0.0637882	0.2525633
0.231766	0.0635682	0.2521273
0.232105	0.0624381	0.2498762
0.232444	0.0661846	0.2572637
0.232783	0.0737776	0.2716203
0.233122	0.0726174	0.2694761
0.233461	0.0748944	0.2736684
0.2338	0.0715757	0.2675363
0.234139	0.0717015	0.2677714
0.234478	0.0744789	0.2729082
0.234817	0.073261	0.2706677
0.235156	0.0755231	0.2748147
0.235495	0.0767225	0.2769883
0.235835	0.0786822	0.2805035
0.236174	0.076243	0.2761213
0.236513	0.0798415	0.2825624
0.236852	0.0809282	0.2844788
0.237191	0.0871371	0.2951899
0.23753	0.0822336	0.286764
0.237869	0.0793474	0.2816867
0.238208	0.0836548	0.2892314
0.238547	0.0830106	0.2881156
0.238886	0.0827791	0.2877136
0.239225	0.0866238	0.2943192
0.239564	0.0896675	0.2994453
0.239904	0.0893653	0.2989403
0.240243	0.0874514	0.2957218
0.240582	0.0919205	0.3031839
0.240921	0.0936376	0.3060026
0.24126	0.0903675	0.3006119
0.241599	0.0895323	0.2992195
0.241938	0.0943041	0.3070897
0.242277	0.087637	0.2960355
0.242616	0.0852356	0.2919514
0.242955	0.0859228	0.2931259
0.243294	0.0847973	0.2911998
0.243633	0.0811656	0.2848958
0.243973	0.0819703	0.2863046
0.244312	0.0799563	0.2827654
0.244651	0.0809086	0.2844444
0.24499	0.0835505	0.289051
0.245329	0.0847191	0.2910655
0.245668	0.0805889	0.2838818
0.246007	0.0799899	0.2828249
0.246346	0.0786894	0.2805163
0.246685	0.0741726	0.2723465
0.247024	0.0784482	0.2800861
0.247363	0.078021	0.2793224
0.247702	0.0718322	0.2680153
0.248042	0.0679506	0.2606733
0.248381	0.0678071	0.260398
0.24872	0.0636413	0.2522723
0.249059	0.0665202	0.2579151
0.249398	0.0676808	0.2601553
0.249737	0.0648408	0.2546386
0.250076	0.0618499	0.2486964
0.250415	0.0566427	0.2379973
0.250754	0.0592636	0.2434412
0.251093	0.057935	0.2406969
0.251432	0.0553217	0.2352057
0.251771	0.0558855	0.2364011
0.252111	0.0541948	0.2327978
0.25245	0.0538	0.2319483
0.252789	0.0566483	0.238009
0.253128	0.0564262	0.237542
0.253467	0.0527533	0.2296809
0.253806	0.0531017	0.2304381
0.254145	0.0516433	0.2272516
0.254484	0.0537373	0.2318131
0.254823	0.0517291	0.2274403
0.255162	0.0436318	0.2088823
0.255501	0.0450859	0.2123344
0.25584	0.047225	0.2173131
0.25618	0.0482418	0.2196402
0.256519	0.0455994	0.2135402
0.256858	0.0452264	0.212665
0.257197	0.0434916	0.2085464
0.257536	0.0427409	0.2067387
0.257875	0.0444072	0.2107302
0.258214	0.0407614	0.2018945
0.258553	0.0424682	0.2060781
0.258892	0.0473413	0.2175806
0.259231	0.0464831	0.2155994
0.25957	0.0436479	0.2089208
0.259909	0.0458802	0.2141966
0.260248	0.0472002	0.2172561
0.260588	0.0484289	0.2200657
0.260927	0.0432474	0.2079601
0.261266	0.0456317	0.2136158
0.261605	0.0458105	0.2140339
0.261944	0.0451987	0.2125999
0.262283	0.0483324	0.2198463
0.262622	0.0469732	0.216733
0.262961	0.0465072	0.2156553
0.2633	0.0457971	0.2140026
0.263639	0.0457799	0.2139624
0.263978	0.0518293	0.2276605
0.264317	0.0522213	0.2285198
0.264657	0.0512581	0.2264025
0.264996	0.0518776	0.2277665
0.265335	0.0496759	0.2228809
0.265674	0.0484951	0.220216
0.266013	0.0504553	0.2246226
0.266352	0.0522596	0.2286036
0.266691	0.0534769	0.2312507
0.26703	0.0539407	0.2322514
0.267369	0.054984	0.2344867
0.267708	0.0527888	0.2297581
0.268047	0.0585331	0.2419361
0.268386	0.0565942	0.2378954
0.268726	0.0581141	0.2410687
0.269065	0.0575384	0.2398716
0.269404	0.0551621	0.2348661
0.269743	0.0560989	0.2368521
0.270082	0.0567757	0.2382765
0.270421	0.0558091	0.2362395
0.27076	0.0567506	0.2382238
0.271099	0.0576864	0.2401799
0.271438	0.0581674	0.2411792
0.271777	0.0582116	0.2412708
0.272116	0.053543	0.2313936
0.272455	0.0518766	0.2277644
0.272795	0.0572006	0.2391665
0.273134	0.0559189	0.2364718
0.273473	0.0565765	0.2378582
0.273812	0.0525224	0.2291777
0.274151	0.0571449	0.23905
0.27449	0.0555297	0.2356474
0.274829	0.0528853	0.229968
0.275168	0.0556223	0.2358438
0.275507	0.0554631	0.2355061
0.275846	0.0500181	0.2236473
0.276185	0.049032	0.2214317
0.276524	0.046651	0.2159884
0.276863	0.0499033	0.2233905
0.277203	0.0515319	0.2270064
0.277542	0.0504535	0.2246186
0.277881	0.0466991	0.2160997
0.27822	0.0426131	0.2064294
0.278559	0.0420345	0.2050232
0.278898	0.0434785	0.208515
0.279237	0.0458974	0.2142368
0.279576	0.0439242	0.209581
0.279915	0.042415	0.205949
0.280254	0.0444839	0.2109121
0.280593	0.0433446	0.2081937
0.280932	0.0414406	0.2035696
0.281272	0.0363616	0.1906872
0.281611	0.0399851	0.1999628
0.28195	0.0408891	0.2022105
0.282289	0.0389029	0.1972382
0.282628	0.0396033	0.1990058
0.282967	0.03687	0.1920156
0.283306	0.0354207	0.1882039
0.283645	0.0356466	0.1888031
0.283984	0.0379382	0.1947773
0.284323	0.0354609	0.1883107
0.284662	0.035614	0.1887167
0.285001	0.0367258	0.1916398
0.28534	0.0358865	0.1894373
0.28568	0.0369025	0.1921002
0.286019	0.0371322	0.1926972
0.286358	0.0338727	0.1840454
0.286697	0.0342745	0.1851337
0.287036	0.0332144	0.1822482
0.287375	0.0313444	0.1770435
0.287714	0.0300792	0.1734336
0.288053	0.0301626	0.1736738
0.288392	0.0332218	0.1822685
0.288731	0.0311816	0.1765831
0.28907	0.0312951	0.1769042
0.289409	0.0318906	0.1785794
0.289749	0.0327884	0.1810757
0.290088	0.0307915	0.1754751
0.290427	0.0313441	0.1770426
0.290766	0.0303403	0.1741847
0.291105	0.0317726	0.1782487
0.291444	0.032784	0.1810635
0.291783	0.0316754	0.1779758
0.292122	0.0275076	0.1658542
0.292461	0.0273668	0.1654291
0.2928	0.0311643	0.1765341
0.293139	0.0331992	0.1822065
0.293478	0.0345535	0.1858857
0.293817	0.0342413	0.1850441
0.294157	0.0310004	0.1760693
0.294496	0.0306113	0.1749609
0.294835	0.0320716	0.1790855
0.295174	0.0374694	0.1935701
0.295513	0.0343315	0.1852876
0.295852	0.0317403	0.1781581
0.296191	0.0341444	0.184782
0.29653	0.0306382	0.1750377
0.296869	0.0291637	0.1707738
0.297208	0.0338672	0.1840304
0.297547	0.0332869	0.182447
0.297886	0.0342341	0.1850246
0.298226	0.0373966	0.193382
0.298565	0.0384009	0.1959615
0.298904	0.034671	0.1862015
0.299243	0.031787	0.1782891
0.299582	0.033672	0.1834993
0.299921	0.033567	0.183213
0.30026	0.0338494	0.1839821
0.300599	0.0339865	0.1843543
0.300938	0.0341525	0.1848039
0.301277	0.0349953	0.1870703
0.301616	0.0331349	0.1820299
0.301955	0.0355162	0.1884574
0.302294	0.0367662	0.1917451
0.302634	0.0345212	0.1857988
0.302973	0.0274893	0.165799
0.303312	0.0305316	0.1747329
0.303651	0.0323484	0.1798566
0.30399	0.0334702	0.1829486
0.304329	0.03271	0.1808591
0.304668	0.0286156	0.1691615
0.305007	0.0312913	0.1768935
0.305346	0.0358981	0.1894679
0.305685	0.0363282	0.1905996
0.306024	0.0315133	0.1775199
0.306363	0.0291759	0.1708095
0.306703	0.0306596	0.1750988
0.307042	0.0296483	0.1721868
0.307381	0.0290025	0.1703012
0.30772	0.0295635	0.1719404
0.308059	0.0267163	0.1634512
0.308398	0.0268229	0.163777
0.308737	0.0296073	0.1720677
0.309076	0.0300032	0.1732143
0.309415	0.0285004	0.1688206
0.309754	0.0238892	0.1545613
0.310093	0.026722	0.1634687
0.310432	0.0303264	0.1741448
0.310771	0.0241084	0.1552688
0.311111	0.0252474	0.1588943
0.31145	0.0252589	0.1589305
0.311789	0.0243436	0.1560244
0.312128	0.025423	0.1594459
0.312467	0.0259931	0.1612238
0.312806	0.0263172	0.1622258
0.313145	0.0262942	0.1621549
0.313484	0.0214049	0.1463041
0.313823	0.0225119	0.1500397
0.314162	0.0217236	0.1473893
0.314501	0.0228047	0.1510123
0.31484	0.0221314	0.1487663
0.315179	0.022824	0.1510761
0.315519	0.018266	0.1351518
0.315858	0.022212	0.1490369
0.316197	0.0216522	0.1471469
0.316536	0.0241314	0.1553428
0.316875	0.0256449	0.1601402
0.317214	0.023112	0.1520263
0.317553	0.0231595	0.1521825
0.317892	0.0222603	0.1491989
0.318231	0.0225551	0.1501836
0.31857	0.0212415	0.1457446
0.318909	0.0202187	0.1421925
0.319248	0.0172597	0.1313762
0.319588	0.014749	0.1214455
0.319927	0.0122339	0.110607
0.320266	0.0159408	0.1262569
0.320605	0.0146878	0.1211932
0.320944	0.0147372	0.1213969
0.321283	0.0207968	0.1442109
0.321622	0.0209009	0.1445714
0.321961	0.0160933	0.1268594
0.3223	0.0172675	0.1314059
0.322639	0.0186836	0.136688
0.322978	0.0219534	0.1481668
0.323317	0.0230086	0.1516859
0.323656	0.0202033	0.1421383
0.323996	0.0170757	0.130674
0.324335	0.0189013	0.137482
0.324674	0.0199338	0.1411871
0.325013	0.019365	0.1391582
0.325352	0.0201729	0.1420313
0.325691	0.0213212	0.1460178
0.32603	0.0207276	0.1439708
0.326369	0.02083	0.144326
0.326708	0.019851	0.1408936
0.327047	0.0224186	0.1497284
0.327386	0.0203085	0.1425079
0.327725	0.024326	0.155968
0.328064	0.0216165	0.1470255
0.328404	0.018182	0.1348407
0.328743	0.0209093	0.1446005
0.329082	0.0206636	0.1437484
0.329421	0.0241885	0.1555265
0.32976	0.027519	0.1658885
0.330099	0.0236214	0.1536926
0.330438	0.0267535	0.163565
0.330777	0.0250291	0.1582059
0.331116	0.019662	0.1402213
0.331455	0.0179253	0.1338854
0.331794	0.0202739	0.1423865
0.332133	0.0247779	0.15741
0.332472	0.0258819	0.1608785
0.332812	0.0284516	0.168676
0.333151	0.0289193	0.1700568
0.33349	0.0279289	0.1671194
0.333829	0.0267355	0.1635099
0.334168	0.0246882	0.1571248
0.334507	0.0227491	0.150828
0.334846	0.0271245	0.1646952
0.335185	0.028342	0.1683508
0.335524	0.0250536	0.1582833
0.335863	0.0224924	0.1499747
0.336202	0.0215295	0.1467293
0.336541	0.0261314	0.1616521
0.336881	0.0240721	0.1551519
0.33722	0.0212341	0.1457193
0.337559	0.0213994	0.1462853
0.337898	0.0227127	0.1507073
0.338237	0.0237769	0.1541976
0.338576	0.02382	0.1543373
0.338915	0.0230135	0.151702
0.339254	0.0206328	0.1436412
0.339593	0.0205366	0.143306
0.339932	0.0177368	0.1331796
0.340271	0.0178915	0.1337591
0.34061	0.0182085	0.1349389
0.340949	0.0148312	0.1217834
0.341288	0.0169373	0.1301434
0.341628	0.0148946	0.1220434
0.341967	0.0180853	0.1344816
0.342306	0.0207789	0.1441489
0.342645	0.0171398	0.1309191
0.342984	0.0180211	0.1342427
0.343323	0.0178356	0.13355
0.343662	0.0183967	0.1356344
0.344001	0.0199375	0.1412002
0.34434	0.0182838	0.1352176
0.344679	0.01994	0.1412091
0.345018	0.0160464	0.1266744
0.345357	0.0143463	0.119776
0.345696	0.0155859	0.1248435
0.346036	0.018218	0.1349741
0.346375	0.0161347	0.1270224
0.346714	0.0184775	0.135932
0.347053	0.018344	0.13544
0.347392	0.016392	0.1280312
0.347731	0.0134555	0.1159978
0.34807	0.013562	0.116456
0.348409	0.0125229	0.1119058
0.348748	0.0141837	0.1190953
0.349087	0.0119955	0.109524
0.349426	0.0121152	0.1100691
0.349765	0.0127175	0.1127719
0.350104	0.0107539	0.103701
0.350444	0.00871581	0.0933585
0.350783	0.0123696	0.1112187
0.351122	0.0147245	0.1213446
0.351461	0.0151228	0.1229748
0.3518	0.0156968	0.1252869
0.352139	0.0174533	0.1321109
0.352478	0.0151864	0.1232331
0.352817	0.0161416	0.1270496
0.353156	0.017966	0.1340373
0.353495	0.0190836	0.1381434
0.353834	0.0148972	0.1220541
0.354173	0.0145257	0.1205226
0.354512	0.0188193	0.1371835
0.354852	0.0127197	0.1127817
0.355191	0.0102734	0.1013578
0.35553	0.0148062	0.1216807
0.355869	0.0132476	0.1150982
0.356208	0.0158916	0.1260619
0.356547	0.0165708	0.1287276
0.356886	0.0161678	0.1271527
0.357225	0.0155127	0.12455
0.357564	0.0195219	0.1397208
0.357903	0.0159035	0.1261091
0.358242	0.0162507	0.1274782
0.358581	0.024722	0.1572323
0.35892	0.0232307	0.1524162
0.35926	0.0160402	0.1266499
0.359599	0.0159612	0.1263376
0.359938	0.01511	0.1229227
0.360277	0.0121277	0.1101258
0.360616	0.01572	0.1253794
0.360955	0.0167431	0.1293951
0.361294	0.0146316	0.1209612
0.361633	0.0161116	0.1269315
0.361972	0.0201516	0.1419563
0.362311	0.0160918	0.1268535
0.36265	0.0122651	0.1107479
0.362989	0.0137423	0.1172276
0.363328	0.0132797	0.1152376
0.363668	0.012619	0.1123343
0.364007	0.0134551	0.1159961
0.364346	0.0179288	0.1338985
0.364685	0.0196099	0.1400353
0.365024	0.0159144	0.1261523
0.365363	0.0123789	0.1112605
0.365702	0.0129962	0.1140009
0.366041	0.0139236	0.1179983
0.36638	0.0147048	0.1212633
0.366719	0.0160203	0.1265713
0.367058	0.0179579	0.1340071
0.367397	0.0116246	0.1078174
0.367736	0.00950701	0.09750389
0.368075	0.0165016	0.1284586
0.368415	0.0156725	0.1251899
0.368754	0.0144404	0.1201682
0.369093	0.014472	0.1202996
0.369432	0.0154643	0.1243555
0.369771	0.0195886	0.1399593
0.37011	0.0150045	0.1224929
0.370449	0.0120907	0.1099577
0.370788	0.0124565	0.1116087
0.371127	0.011091	0.1053138
0.371466	0.0167768	0.1295253
0.371805	0.0157546	0.1255173
0.372144	0.00992561	0.09962736
0.372483	0.00942688	0.09709212
0.372823	0.0101532	0.1007631
0.373162	0.00759438	0.08714574
0.373501	0.00699431	0.08363199
0.37384	0.00920639	0.09594993
0.374179	0.0106816	0.1033518
0.374518	0.0131544	0.1146926
0.374857	0.0119107	0.1091362
0.375196	0.0159244	0.1261919
0.375535	0.0169715	0.1302747
0.375874	0.00873072	0.09343832
0.376213	0.0162991	0.1276679
0.376552	0.0188391	0.1372556
0.376891	0.0253178	0.1591157
0.377231	0.024183	0.1555088
0.37757	0.0200204	0.1414935
0.377909	0.0166823	0.12916
0.378248	0.0119086	0.1091265
0.378587	0.010038	0.1001898
0.378926	0.011698	0.1081573
0.379265	0.00723453	0.08505604
0.379604	0.0087986	0.09380085
0.379943	0.0134636	0.1160327
0.380282	0.0130099	0.114061
0.380621	0.0128898	0.1135333
0.38096	0.0160815	0.1268129
0.381299	0.0209753	0.1448285
0.381638	0.0215968	0.1469585
0.381978	0.0150367	0.1226242
0.382317	0.0131797	0.1148029
0.382656	0.0127495	0.1129137
0.382995	0.0127488	0.1129106
0.383334	0.010837	0.1041009
0.383673	0.0144054	0.1200225
0.384012	0.0167854	0.1295585
0.384351	0.0138422	0.1176529
0.38469	0.0124508	0.1115832
0.385029	0.0172845	0.1314705
0.385368	0.0131834	0.114819
0.385707	0.00355819	0.05965057
0.386046	0.00506099	0.07114063
0.386386	0.0104	0.1019804
0.386725	0.0143043	0.1196006
0.387064	0.0163222	0.1277584
0.387403	0.00902975	0.095025
0.387742	0.00842413	0.09178306
0.388081	0.00829036	0.09105141
0.38842	0.0158357	0.12584
0.388759	0.0129185	0.1136596
0.389098	0.0123721	0.1112299
0.389437	0.0178714	0.1336839
0.389776	0.0114164	0.1068476
0.390115	0.0126737	0.1125775
0.390454	0.0212885	0.1459058
0.390793	0.0234033	0.1529814
0.391133	0.0219217	0.1480598
0.391472	0.0120658	0.1098444
0.391811	0.00967938	0.09838384
0.39215	0.0157484	0.1254926
0.392489	0.0162853	0.1276139
0.392828	0.0144673	0.1202801
0.393167	0.0182634	0.1351421
0.393506	0.0171737	0.1310485
0.393845	0.0180169	0.1342271
0.394184	0.0189501	0.1376594
0.394523	0.0188612	0.1373361
0.394862	0.013063	0.1142935
0.395201	0.0104578	0.1022634
0.395541	0.0151339	0.1230199
0.39588	0.0121236	0.1101072
0.396219	0.0121922	0.1104183
0.396558	0.0135783	0.116526
0.396897	0.0145216	0.1205056
0.397236	0.0205992	0.1435242
0.397575	0.0211283	0.1453558
0.397914	0.0126721	0.1125704
0.398253	0.0113541	0.1065556
0.398592	0.0137331	0.1171883
0.398931	0.0113871	0.1067104
0.39927	0.0132585	0.1151456
0.399609	0.0083425	0.09133729
0.399948	0.0081199	0.09011049
0.400288	0.016205	0.1272989
0.400627	0.0154982	0.1244918
0.400966	0.0117689	0.1084846
0.401305	0.0122918	0.1108684
0.401644	0.00778413	0.08822772
0.401983	0.0058471	0.07646634
0.402322	0.0117737	0.1085067
0.402661	0.0204887	0.1431387
0.403	0.0233954	0.1529555
0.403339	0.0213582	0.1461444
0.403678	0.0174335	0.132036
0.404017	0.0157109	0.1253431
0.404356	0.01658	0.1287633
0.404695	0.0103123	0.1015495
0.405035	0.0142051	0.1191851
0.405374	0.0145534	0.1206375
0.405713	0.0141372	0.1189
0.406052	0.0197973	0.1407029
0.406391	0.0144168	0.12007
0.40673	0.0105402	0.1026655
0.407069	0.0178248	0.1335095
0.407408	0.018324	0.1353662
0.407747	0.01944	0.1394274
0.408086	0.0195082	0.1396718
0.408425	0.0205197	0.143247
0.408764	0.0242818	0.1558262
0.409103	0.0242833	0.155831
0.409442	0.0220845	0.1486086
0.409782	0.0244794	0.1564589
0.410121	0.0285517	0.1689725
0.41046	0.0235885	0.1535855
0.410799	0.00923332	0.09609017
0.411138	0.0142533	0.1193872
0.411477	0.0146893	0.1211994
0.411816	0.0218704	0.1478864
0.412155	0.0223243	0.1494132
0.412494	0.0207822	0.1441603
0.412833	0.0243284	0.1559756
0.413172	0.0265616	0.1629773
0.413511	0.0254249	0.1594519
0.41385	0.0204378	0.1429608
0.41419	0.0229628	0.1515348
0.414529	0.0199121	0.1411102
0.414868	0.0182515	0.1350981
0.415207	0.0298634	0.1728103
0.415546	0.0286134	0.169155
0.415885	0.0328315	0.1811946
0.416224	0.0252256	0.1588257
0.416563	0.01756	0.1325141
0.416902	0.0189283	0.1375802
0.417241	0.0219927	0.1482994
0.41758	0.0158776	0.1260063
0.417919	0.0214892	0.1465919
0.418258	0.0187839	0.1370544
0.418597	0.0126522	0.112482
0.418936	0.0177489	0.133225
0.419276	0.0216813	0.1472457
0.419615	0.0242095	0.155594
0.419954	0.0225442	0.1501473
0.420293	0.0217205	0.1473788
0.420632	0.0300283	0.1732868
0.420971	0.0272088	0.1649509
0.42131	0.0261605	0.1617421
0.421649	0.0245059	0.1565436
0.421988	0.0253342	0.1591672
0.422327	0.0221125	0.1487027
0.422666	0.0221297	0.1487605
0.423005	0.0274105	0.1655612
0.423344	0.0235376	0.1534197
0.423683	0.0245071	0.1565474
0.424023	0.0239835	0.1548661
0.424362	0.0261237	0.1616283
0.424701	0.0186698	0.1366375
0.42504	0.0132243	0.114997
0.425379	0.0205471	0.1433426
0.425718	0.0219436	0.1481337
0.426057	0.0283339	0.1683268
0.426396	0.0277523	0.1665902
0.426735	0.0221868	0.1489524
0.427074	0.00913264	0.09556485
0.427413	0.0120077	0.1095797
0.427752	0.0087549	0.09356762
0.428091	0.0142406	0.119334
0.42843	0.0209285	0.1446669
0.42877	0.0229489	0.1514889
0.429109	0.0242296	0.1556586
0.429448	0.0101482	0.1007383
0.429787	0.0105819	0.1028684
0.430126	0.0123217	0.1110032
0.430465	0.0207582	0.1440771
0.430804	0.022883	0.1512713
0.431143	0.010476	0.1023523
0.431482	0.00327132	0.05719545
0.431821	0.0106092	0.103001
0.43216	0.0188208	0.1371889
0.432499	0.0151987	0.123283
0.432838	0.0100179	0.1000895
0.433178	0.0115345	0.1073988
0.433517	0.018361	0.1355028
0.433856	0.0137691	0.1173418
0.434195	0.00575305	0.07584886
0.434534	0.0111483	0.1055855
0.434873	0.0189562	0.1376815
0.435212	0.011162	0.1056504
0.435551	0.0133647	0.1156058
0.43589	0.0213945	0.1462686
0.436229	0.0185793	0.1363059
0.436568	0.0163645	0.1279238
0.436907	0.0241978	0.1555564
0.437246	0.0236972	0.1539389
0.437585	0.0109788	0.1047798
0.437924	0.0199043	0.1410826
0.438264	0.0216971	0.1472993
0.438603	0.0238755	0.154517
0.438942	0.0215366	0.1467535
0.439281	0.0128979	0.1135689
0.43962	0.00349464	0.05911548
0.439959	0.0116656	0.1080074
0.440298	0.0130098	0.1140605
0.440637	0.0108379	0.1041052
0.440976	0.00451419	0.06718772
0.441315	0.0147999	0.1216548
0.441654	0.0211364	0.1453836
0.441993	0.0213752	0.1462026
0.442332	0.0217071	0.1473333
0.442671	0.0127979	0.1131278
0.443011	0.0147513	0.1214549
0.44335	0.0298503	0.1727724
0.443689	0.023576	0.1535448
0.444028	0.0173785	0.1318275
0.444367	0.0205415	0.1433231
0.444706	0.00475988	0.06899188
0.445045	-0.00132878	NAN
0.445384	-0.00486992	NAN
0.445723	-0.00050133	NAN
0.446062	0.00760972	0.08723371
0.446401	0.00817798	0.09043218
0.44674	0.00693677	0.08328728
0.447079	0.0148968	0.1220524
0.447418	0.0146023	0.12084
0.447757	0.00845327	0.09194167
0.448097	0.0194411	0.1394313
0.448436	0.0137116	0.1170965
0.448775	0.0145482	0.1206159
0.449114	0.0228642	0.1512091
0.449453	0.0174804	0.1322135
0.449792	0.0241451	0.1553869
0.450131	0.0139929	0.1182916
0.45047	0.00754027	0.08683473
0.450809	0.0178795	0.1337142
0.451148	0.0232987	0.1526391
0.451487	0.0136929	0.1170167
0.451826	0.0109427	0.1046074
0.452165	0.0138834	0.1178278
0.452504	0.0141191	0.1188238
0.452844	0.0340975	0.1846551
0.453183	0.0180742	0.1344403
0.453522	0.00346241	0.05884225
0.453861	0.0133031	0.1153391
0.4542	0.00609599	0.07807682
0.454539	-0.00307532	NAN
0.454878	-0.00100718	NAN
0.455217	0.00339772	0.05828996
0.455556	0.0116476	0.107924
0.455895	0.0225533	0.1501776
0.456234	0.0141267	0.1188558
0.456573	-0.00232868	NAN
0.456912	0.00731152	0.08550743
0.457251	0.020475	0.1430909
0.45759	0.0119037	0.1091041
0.457929	0.0263878	0.1624432
0.458269	0.0246273	0.1569309
0.458608	0.00586179	0.07656233
0.458947	0.0171073	0.1307949
0.459286	0.0157552	0.1255197
0.459625	0.0183009	0.1352808
0.459964	0.00623598	0.07896822
0.460303	0.00583312	0.07637487
0.460642	0.00284082	0.05329935
0.460981	0.00785517	0.0886294
0.46132	0.00987451	0.09937057
0.461659	0.0248537	0.1576506
0.461998	0.0291196	0.1706447
0.462337	0.0179022	0.1337991
0.462676	0.0168356	0.1297521
0.463016	0.0153001	0.1236936
0.463355	0.0185932	0.1363569
0.463694	0.0292483	0.1710213
0.464033	0.0180778	0.1344537
0.464372	0.0138143	0.1175343
0.464711	0.0229956	0.151643
0.46505	0.0096202	0.09808262
0.465389	0.0160252	0.1265907
0.465728	0.00110496	0.03324094
0.466067	0.00994562	0.09972773
0.466406	0.0261168	0.1616069
0.466745	0.0378241	0.1944842
0.467084	0.0319117	0.1786385
0.467423	0.0232553	0.1524969
0.467762	0.0247346	0.1572724
0.468102	0.0138484	0.1176792
0.468441	0.00545748	0.07387476
0.46878	0.00335359	0.05791019
0.469119	0.0107781	0.1038176
0.469458	0.00591921	0.0769364
0.469797	0.00271144	0.05207149
0.470136	0.0335718	0.1832261
0.470475	0.0457527	0.2138988
0.470814	0.040975	0.2024228
0.471153	0.0192845	0.1388686
0.471492	0.0207506	0.1440507
0.471831	0.0177731	0.1333158
0.47217	0.0156675	0.1251699
0.472509	0.0353144	0.1879213
0.472849	0.0375616	0.1938082
0.473188	0.028013	0.1673708
0.473527	0.0438878	0.2094942
0.473866	0.0448098	0.2116833
0.474205	0.0615338	0.2480601
0.474544	0.0355042	0.1884256
0.474883	0.0496878	0.2229076
0.475222	0.069826	0.2642461
0.475561	0.0485539	0.2203495
0.4759	0.00568997	0.07543189
0.476239	0.0328189	0.1811599
0.476578	0.058364	0.2415864
0.476917	0.0396241	0.199058
0.477256	0.0360246	0.1898015
0.477595	0.0343978	0.1854664
0.477934	0.018105	0.1345548
0.478274	0.0258771	0.1608636
0.478613	0.0461669	0.2148648
0.478952	0.0276744	0.1663562
0.479291	0.0189565	0.1376826
0.47963	0.0242979	0.1558778
0.479969	0.0555445	0.2356788
0.480308	0.0597973	0.2445349
0.480647	0.0398131	0.1995322
0.480986	0.0266059	0.1631131
0.481325	0.0496423	0.2228055
0.481664	0.0269521	0.164171
0.482003	0.0339178	0.1841679
0.482342	0.0442998	0.2104752
0.482681	0.0487303	0.2207494
0.48302	0.0463443	0.2152773
0.48336	0.0314327	0.1772927
0.483699	0.052623	0.229397
0.484038	0.0370608	0.1925118
0.484377	0.00296805	0.05447982
0.484716	0.0347987	0.1865441
0.485055	0.0106582	0.1032386
0.485394	0.00190461	0.04364184
0.485733	0.0308723	0.1757051
0.486072	0.025207	0.1587671
0.486411	0.0213652	0.1461684
0.48675	0.00129433	0.0359768
0.487089	0.0428324	0.2069599
0.487428	0.0115462	0.1074532
0.487767	-0.00512343	NAN
0.488106	0.0276237	0.1662038
0.488445	0.0228075	0.1510215
0.488785	-0.0111939	NAN
0.489124	-0.0198122	NAN
0.489463	-0.0534234	NAN
0.489802	-0.0422164	NAN
0.490141	-0.0468317	NAN
0.49048	-0.0275541	NAN
0.490819	0.0183753	0.1355555
0.491158	0.00329886	0.0574357
0.491497	-0.0210019	NAN
0.491836	-0.0479093	NAN
0.492175	-0.0317745	NAN
0.492514	0.0434665	0.2084862
0.492853	-0.0437766	NAN
0.493192	0.00157838	0.03972883
0.493531	0.0215606	0.1468353
